generation_num,generation_time,training_fitness_min,training_fitness_lq,training_fitness_med,training_fitness_uq,training_fitness_max,training_fitness_std,training_fitness_mean,size_min,size_lq,size_med,size_uq,size_max,size_std,size_mean,test_mse,test_rmse,test_r2,test_mae,best_candidate_size,best_candidate_solution
1,3.1839278344923514,0.015122033366978344,0.04284177553864878,0.12525341188515163,0.9000008181726527,656822.0941040743,98146.01889891311,18129.55418305922,3.0,3.0,3.0,7.0,7.0,1.7748239349298849,4.1,0.01355237253093205,0.11641465771513504,0.0038589354626028527,0.03978704081498387,3,"multiply(ARG49, ARG64)"
2,3.2318400837903027,0.010123709356883333,0.02676722365762009,0.034762169142001094,0.11968592328062842,22.469363603691953,2.5017663617520003,0.49076825202415897,1.0,3.0,3.0,5.0,9.0,1.699743662089104,4.108910891089109,0.00978925045999124,0.09894064109349221,0.2804599820450603,0.03664072402975872,3,"multiply(ARG31, ARG40)"
3,3.250356188400474,0.010123709356883333,0.02380239800622604,0.030810691425975416,0.07299498888712512,1367.097391157038,143.62075050828605,18.856813122971296,1.0,3.0,3.0,5.0,9.0,1.4798648586948744,3.9,0.00978925045999124,0.09894064109349221,0.2804599820450603,0.03664072402975872,3,"multiply(ARG31, ARG40)"
4,3.2853511650500877,0.009842751494724014,0.021911192829338247,0.027603468012325542,0.03171326638929868,0.5528405804421509,0.06269533271920039,0.04138787655895519,1.0,3.0,3.0,5.0,11.0,1.7032005370492815,3.99009900990099,0.009283973564104025,0.09635337858167728,0.3175993879908786,0.03301338662252706,3,"multiply(ARG49, ARG39)"
5,3.28406985447873,0.009842751494724014,0.0178963035742075,0.02468197527588277,0.03183863849307451,0.578499960576718,0.071926894200016,0.040895787489372566,1.0,3.0,3.0,5.0,13.0,1.9410306540598476,3.82,0.009283973564104025,0.09635337858167728,0.3175993879908786,0.03301338662252706,3,"multiply(ARG49, ARG39)"
6,3.3005151426295924,0.009842751494724014,0.01539334846115537,0.021446902011841462,0.02791296353538402,1010081.9402179398,100008.10955302544,10000.844687914481,1.0,3.0,3.0,3.0,13.0,1.7333237817044833,3.633663366336634,0.009283973564104025,0.09635337858167728,0.3175993879908786,0.03301338662252706,3,"multiply(ARG49, ARG39)"
7,3.3310810310831585,0.009842751494724014,0.014821114905881802,0.017734003048199998,0.02505653323928875,2.64050049027119,0.26095258155846907,0.052578391651027456,1.0,3.0,3.0,3.0,11.0,1.3898112590389375,3.297029702970297,0.009283973564104025,0.09635337858167728,0.3175993879908786,0.03301338662252706,3,"multiply(ARG49, ARG39)"
8,3.1106631678703707,0.009842751494724014,0.01097961418424495,0.014924875798454173,0.018153762152724216,837.6097945040651,82.92985898022803,8.311218022229554,1.0,3.0,3.0,3.0,9.0,1.1914145708111938,2.9207920792079207,0.009283973564104025,0.09635337858167728,0.3175993879908786,0.03301338662252706,3,"multiply(ARG49, ARG39)"
9,3.2789263972154004,0.007774543742216605,0.010623637230912933,0.014924875798454173,0.019018709832017564,937.7414848277824,93.30066048859938,9.412776621960235,1.0,3.0,3.0,3.0,9.0,1.441665703275208,3.04,0.007820918429754008,0.0884359566565207,0.42513844033628356,0.03370460667647431,3,"multiply(ARG49, ARG119)"
10,3.232913629646646,0.007774543742216605,0.010473694047132208,0.014924875798454173,0.017734003048199998,0.16716521936885675,0.0175136681581022,0.017945162407431384,1.0,3.0,3.0,3.0,9.0,1.0077632198019384,2.881188118811881,0.007820918429754008,0.0884359566565207,0.42513844033628356,0.03370460667647431,3,"multiply(ARG49, ARG119)"
11,3.2086168278037803,0.007774543742216605,0.010473694047132208,0.014663554858455819,0.017161937154380736,48.94935081463937,4.844511248083942,0.5096409035787502,1.0,3.0,3.0,3.0,9.0,1.193387657292623,2.9603960396039604,0.007820918429754008,0.0884359566565207,0.42513844033628356,0.03370460667647431,3,"multiply(ARG49, ARG119)"
12,3.1137355240680336,0.007774543742216605,0.010123709356883333,0.010635418825467854,0.01539334846115537,826.2861879731483,82.20890307600276,8.332167939947325,1.0,3.0,3.0,3.0,9.0,0.9797958971132712,3.0,0.007820918429754008,0.0884359566565207,0.42513844033628356,0.03370460667647431,3,"multiply(ARG49, ARG119)"
13,3.3185007357133145,0.007774543742216605,0.009842751494724014,0.010780596051464945,0.017161937154380736,1.7866098763143499,0.24215093992831538,0.050810717834221315,1.0,3.0,3.0,3.0,9.0,1.034262562946582,3.198019801980198,0.007820918429754008,0.0884359566565207,0.42513844033628356,0.03370460667647431,3,"multiply(ARG49, ARG119)"
14,3.1219698371205595,0.007774543742216605,0.010246788785069438,0.014924875798454173,0.017353350365458514,0.061414114195842376,0.01212183589226221,0.018796088989205876,1.0,3.0,3.0,3.0,5.0,0.3458323293158117,2.98,0.007820918429754008,0.0884359566565207,0.42513844033628356,0.03370460667647431,3,"multiply(ARG49, ARG119)"
15,3.1132047279279504,0.007774543742216605,0.009842751494724014,0.01097961418424495,0.017353350365458514,1.2985425276833773,0.1282241802426749,0.030400511990117514,3.0,3.0,3.0,3.0,7.0,0.4410110386400018,3.0594059405940595,0.007820918429754008,0.0884359566565207,0.42513844033628356,0.03370460667647431,3,"multiply(ARG119, ARG49)"
16,3.217249593719316,0.007774543742216605,0.009842751494724014,0.01539334846115537,0.020852983830248147,24544.035698469634,2431.8514137163297,261.0880034597628,3.0,3.0,3.0,3.0,9.0,0.7581857314485799,3.1386138613861387,0.007820918429754008,0.0884359566565207,0.42513844033628356,0.03370460667647431,3,"multiply(ARG119, ARG49)"
17,3.128712513411301,0.007774543742216605,0.009842751494724014,0.010880105117854947,0.017353350365458514,0.10731693161051026,0.01598056362689101,0.016431592571876912,3.0,3.0,3.0,3.0,5.0,0.19899748742132398,3.02,0.007820918429754008,0.0884359566565207,0.42513844033628356,0.03370460667647431,3,"multiply(ARG119, ARG49)"
18,3.1920909952496004,0.007774543742216605,0.00901570144502592,0.010638739124604724,0.017353350365458514,0.22621475163744434,0.023052542297274495,0.017489026287062323,3.0,3.0,3.0,3.0,5.0,0.19899748742132398,3.02,0.007820918429754008,0.0884359566565207,0.42513844033628356,0.03370460667647431,3,"multiply(ARG119, ARG49)"
19,3.0910575792840973,0.007774543742216605,0.00963598898229949,0.013835702410043818,0.017353350365458514,296.90036420212624,36.542089385473965,5.341857375566723,3.0,3.0,3.0,3.0,9.0,0.9421252570651103,3.18,0.007820918429754008,0.0884359566565207,0.42513844033628356,0.03370460667647431,3,"multiply(ARG119, ARG49)"
20,3.2084028016943194,0.007774543742216605,0.00901570144502592,0.011483113233453725,0.017353350365458514,0.1428344802296458,0.024677768809084955,0.021514710758687383,3.0,3.0,3.0,3.0,9.0,0.9421252570651103,3.18,0.007820918429754008,0.0884359566565207,0.42513844033628356,0.03370460667647431,3,"multiply(ARG119, ARG49)"
21,3.205741705776745,0.007774543742216605,0.009842751494724014,0.011483113233453725,0.017353350365458514,0.31220743689866376,0.036875659216700066,0.02420465414184821,3.0,3.0,3.0,3.0,9.0,0.6790664633458317,3.118811881188119,0.007820918429754008,0.0884359566565207,0.42513844033628356,0.03370460667647431,3,"multiply(ARG119, ARG49)"
22,3.1577241510822205,0.007774543742216605,0.009842751494724014,0.014663554858455819,0.017353350365458514,0.11397121758594649,0.01887427271650999,0.020586873330292167,3.0,3.0,3.0,3.0,5.0,0.33953323167291577,3.0594059405940595,0.007820918429754008,0.0884359566565207,0.42513844033628356,0.03370460667647431,3,"multiply(ARG119, ARG49)"
23,3.1192674728699785,0.007774543742216605,0.009842751494724014,0.014663554858455819,0.017353350365458514,7.943082029339219,0.7891774575901263,0.10084517525671755,3.0,3.0,3.0,3.0,9.0,0.761839878189636,3.14,0.007820918429754008,0.0884359566565207,0.42513844033628356,0.03370460667647431,3,"multiply(ARG119, ARG49)"
24,3.2008245128199633,0.007774543742216605,0.00901570144502592,0.011483113233453725,0.017353350365458514,63.80289834933342,6.31533334902929,0.6665964916071702,3.0,3.0,3.0,3.0,9.0,0.8087357566994903,3.1386138613861387,0.007820918429754008,0.0884359566565207,0.42513844033628356,0.03370460667647431,3,"multiply(ARG119, ARG49)"
25,3.1811850557423895,0.007774543742216605,0.00901570144502592,0.014663554858455819,0.017353350365458514,0.387141899359529,0.05098862166093236,0.02862873983593967,1.0,3.0,3.0,3.0,5.0,0.39603960396039595,3.0396039603960396,0.007820918429754008,0.0884359566565207,0.42513844033628356,0.03370460667647431,3,"multiply(ARG119, ARG49)"
26,3.130294655893522,0.007774543742216605,0.00901570144502592,0.010642059423741591,0.017353350365458514,0.29133150276095354,0.041504215149086816,0.025179774026666626,3.0,3.0,3.0,3.0,7.0,0.6453136925465474,3.1386138613861387,0.007820918429754008,0.0884359566565207,0.42513844033628356,0.03370460667647431,3,"multiply(ARG119, ARG49)"
27,3.2264769082321436,0.007774543742216605,0.00901570144502592,0.010635418825467854,0.017353350365458514,4.174835424406593,0.4141081690180004,0.0648970436706912,3.0,3.0,3.0,3.0,7.0,0.7533923280734945,3.18,0.007820918429754008,0.0884359566565207,0.42513844033628356,0.03370460667647431,3,"multiply(ARG119, ARG49)"
28,3.155027194407012,0.007774543742216605,0.00901570144502592,0.011483113233453725,0.017353350365458514,4.082490527677914,0.41352924260024065,0.07694104700619796,1.0,3.0,3.0,3.0,9.0,0.9376190575644924,3.1782178217821784,0.007820918429754008,0.0884359566565207,0.42513844033628356,0.03370460667647431,3,"multiply(ARG119, ARG49)"
29,3.1177701439301018,0.007774543742216605,0.00901570144502592,0.009842751494724014,0.017353350365458514,10.354288412035324,1.0284023619815843,0.12447235183162338,1.0,3.0,3.0,3.0,7.0,0.5599999999999999,3.08,0.007820918429754008,0.0884359566565207,0.42513844033628356,0.03370460667647431,3,"multiply(ARG119, ARG49)"
30,3.346212278611347,0.007774543742216605,0.00901570144502592,0.010635418825467854,0.017353350365458514,0.10731693161051026,0.021398990405494492,0.020544678935525272,3.0,3.0,3.0,3.0,5.0,0.3900537743285586,3.0792079207920793,0.007820918429754008,0.0884359566565207,0.42513844033628356,0.03370460667647431,3,"multiply(ARG119, ARG49)"
31,3.3092540677753277,0.007774543742216605,0.00901570144502592,0.017161937154380736,0.017353350365458514,0.5164654502129505,0.05836105799363521,0.027775771096857315,1.0,3.0,3.0,3.0,9.0,0.7581857314485799,3.1386138613861387,0.007820918429754008,0.0884359566565207,0.42513844033628356,0.03370460667647431,3,"multiply(ARG119, ARG49)"
32,3.1834610754231107,0.007774543742216605,0.00901570144502592,0.009158150178960975,0.017353350365458514,14.42715853402176,1.433797242501285,0.17092605481355005,3.0,3.0,3.0,3.0,9.0,0.8799999999999997,3.16,0.007820918429754008,0.0884359566565207,0.42513844033628356,0.03370460667647431,3,"multiply(ARG119, ARG49)"
33,3.1369212116369454,0.007774543742216605,0.00901570144502592,0.009842751494724014,0.017353350365458514,0.28098829281298093,0.035682179779939996,0.024002757654642992,3.0,3.0,3.0,3.0,9.0,0.7745966692414833,3.2,0.007820918429754008,0.0884359566565207,0.42513844033628356,0.03370460667647431,3,"multiply(ARG119, ARG49)"
34,3.2425026824421366,0.007774543742216605,0.00901570144502592,0.009265426318497626,0.017353350365458514,0.387141899359529,0.053494498838305336,0.024076430134605375,3.0,3.0,3.0,3.0,9.0,1.397408218960582,3.514851485148515,0.007820918429754008,0.0884359566565207,0.42513844033628356,0.03370460667647431,3,"multiply(ARG119, ARG49)"
35,3.2151691005492467,0.007774543742216605,0.00901570144502592,0.011323099293678002,0.017353350365458514,0.387141899359529,0.04973330409903217,0.02557817466047247,3.0,3.0,3.0,3.0,9.0,1.126232658024087,3.46,0.007820918429754008,0.0884359566565207,0.42513844033628356,0.03370460667647431,3,"multiply(ARG119, ARG49)"
36,3.2616409427391773,0.007774543742216605,0.00901570144502592,0.017353350365458514,0.025729396866995546,236.84895321376948,23.566780768414183,2.484682092420844,1.0,3.0,3.0,3.0,9.0,1.57175061635108,3.64,0.007820918429754008,0.0884359566565207,0.42513844033628356,0.03370460667647431,3,"multiply(ARG119, ARG49)"
37,3.2157109964464325,0.007774543742216605,0.00901570144502592,0.017353350365458514,0.018270736182535396,14568.0208904789,1449.4963222352915,145.71460431371818,1.0,3.0,3.0,3.0,9.0,1.4798648586948742,3.5,0.007820918429754008,0.0884359566565207,0.42513844033628356,0.03370460667647431,3,"multiply(ARG119, ARG49)"
38,3.2198958899607533,0.007774543742216605,0.00901570144502592,0.017353350365458514,0.017353350365458514,2.164022790356631,0.24534452749440044,0.06876096002746951,1.0,3.0,3.0,3.0,9.0,1.4305243793798132,3.44,0.007820918429754008,0.0884359566565207,0.42513844033628356,0.03370460667647431,3,"multiply(ARG119, ARG49)"
39,3.4762009796249913,0.007774543742216605,0.00901570144502592,0.01695193083307558,0.017353350365458514,136.55491181742937,13.517451899071187,1.3821745768405627,1.0,3.0,3.0,3.0,9.0,1.8224277805692735,3.633663366336634,0.007820918429754008,0.0884359566565207,0.42513844033628356,0.03370460667647431,3,"multiply(ARG119, ARG49)"
40,3.337920189889701,0.007774543742216605,0.00901570144502592,0.017353350365458514,0.028639442451221915,0.387141899359529,0.08345404460003288,0.044383057635197586,3.0,3.0,3.0,3.0,11.0,2.0416216108961596,3.99009900990099,0.007820918429754008,0.0884359566565207,0.42513844033628356,0.03370460667647431,3,"multiply(ARG119, ARG49)"
41,3.444428348215297,0.007774543742216605,0.00901570144502592,0.017353350365458514,0.017637837914525025,0.387141899359529,0.05855701132221344,0.031443518950905115,1.0,3.0,3.0,5.0,9.0,2.2534270647011962,4.346534653465347,0.007820918429754008,0.0884359566565207,0.42513844033628356,0.03370460667647431,3,"multiply(ARG119, ARG49)"
42,3.3624224795748887,0.007774543742216605,0.00896244601000847,0.017121892924058628,0.017353350365458514,0.387141899359529,0.06529283657871862,0.032735102991134045,1.0,3.0,3.0,5.0,11.0,2.5396062686959957,4.48,0.007820918429754008,0.0884359566565207,0.42513844033628356,0.03370460667647431,3,"multiply(ARG119, ARG49)"
43,3.4179483092812006,0.007774543742216605,0.009158150178960975,0.017353350365458514,0.020966204957073426,0.5847622780963393,0.105081420987697,0.047530018727091124,1.0,3.0,3.0,7.0,11.0,2.596613178738797,4.76,0.007820918429754008,0.0884359566565207,0.42513844033628356,0.03370460667647431,3,"multiply(ARG119, ARG49)"
44,3.3236928611477197,0.007774543742216605,0.009002387586271558,0.017353350365458514,0.02078475136949184,0.387141899359529,0.05441726147340255,0.02885725706023548,1.0,3.0,3.0,7.0,11.0,2.658947160061666,4.9,0.007820918429754008,0.0884359566565207,0.42513844033628356,0.03370460667647431,3,"multiply(ARG119, ARG49)"
45,3.5553337185046985,0.007774543742216605,0.008881769705283801,0.01679482828664219,0.024221736221827075,5.033112734381728,0.5019295218395811,0.08762299611106769,1.0,3.0,3.0,7.0,11.0,2.460869129965304,4.9405940594059405,0.007820918429754008,0.0884359566565207,0.42513844033628356,0.03370460667647431,3,"multiply(ARG119, ARG49)"
46,3.4756716065348883,0.007774543742216605,0.008903185983654168,0.017209899858162382,0.02879822095623984,6100.438633692948,609.2565723396335,67.00138874457812,1.0,3.0,5.0,7.0,11.0,2.4834653208772615,5.18,0.007820918429754008,0.0884359566565207,0.42513844033628356,0.03370460667647431,3,"multiply(ARG119, ARG49)"
47,3.4295848405745346,0.007774543742216605,0.008962385890334955,0.017054476876050245,0.019528890092388416,0.6101065580133285,0.09533960907010429,0.044622853760583545,3.0,3.0,5.0,5.0,11.0,2.1481269896745534,4.861386138613861,0.007820918429754008,0.0884359566565207,0.42513844033628356,0.03370460667647431,3,"multiply(ARG119, ARG49)"
48,3.425787584779755,0.007774543742216605,0.00901570144502592,0.014615869516577359,0.018878049292235393,0.7770841310200269,0.08810793986031792,0.03246896541699123,3.0,3.0,5.0,5.0,17.0,1.9314799107479679,4.821782178217822,0.007820918429754008,0.0884359566565207,0.42513844033628356,0.03370460667647431,3,"multiply(ARG119, ARG49)"
49,3.4444502631195064,0.007774543742216605,0.008965799820253476,0.017353350365458514,0.02458977416287597,0.3907907483564666,0.056369679029522154,0.033019292802973325,3.0,3.0,5.0,5.0,15.0,2.037547545457529,4.78,0.007820918429754008,0.0884359566565207,0.42513844033628356,0.03370460667647431,3,"multiply(ARG119, ARG49)"
50,3.387590185535373,0.007774543742216605,0.00901570144502592,0.017155768456848994,0.024226237019034813,0.7315576405212002,0.09132253689939318,0.03840386743038631,3.0,3.0,5.0,5.0,13.0,1.8858722298311485,4.782178217821782,0.007820918429754008,0.0884359566565207,0.42513844033628356,0.03370460667647431,3,"multiply(ARG119, ARG49)"
51,3.432708426425961,0.007774543742216605,0.009116114899801119,0.01749559413999177,0.030466313456348683,0.9794320944000937,0.12189239169069811,0.04832795069458215,3.0,3.0,5.0,5.0,13.0,1.9492562684264991,4.98,0.007820918429754008,0.0884359566565207,0.42513844033628356,0.03370460667647431,3,"multiply(ARG119, ARG49)"
52,3.429478396741615,0.007774543742216605,0.00827466809976967,0.01711019215652375,0.025590881033475368,0.3907907483564666,0.07418405241970179,0.03577915581316559,3.0,3.0,5.0,5.0,11.0,1.4702380759591283,4.72,0.007820918429754008,0.0884359566565207,0.42513844033628356,0.03370460667647431,3,"multiply(ARG119, ARG49)"
53,3.2952871564411907,0.007774543742216605,0.00901570144502592,0.017353350365458514,0.0302123128186413,41488.50663208109,4107.765366297227,410.8530622279617,1.0,3.0,5.0,5.0,11.0,1.8523056370168027,4.584158415841584,0.007820918429754008,0.0884359566565207,0.42513844033628356,0.03370460667647431,3,"multiply(ARG119, ARG49)"
54,3.3111942486175394,0.007774543742216605,0.008209842050590877,0.01706461585619851,0.023825892492287774,0.5372063711887137,0.10107327436587882,0.04251939042748861,1.0,3.0,5.0,5.0,7.0,1.377910515415034,4.227722772277228,0.007820918429754008,0.0884359566565207,0.42513844033628356,0.03370460667647431,3,"multiply(ARG119, ARG49)"
55,3.390717186695838,0.007774543742216605,0.008209842050590877,0.01706461585619851,0.018589980078010528,1.5134573547224737,0.1706695124679702,0.05382935933698321,1.0,3.0,5.0,5.0,9.0,1.5263027222671128,4.52,0.007820918429754008,0.0884359566565207,0.42513844033628356,0.03370460667647431,3,"multiply(ARG119, ARG49)"
56,3.3615897130875965,0.007774543742216605,0.00811187191057391,0.01706461585619851,0.029766413165746405,0.571506405680088,0.11801283147848746,0.05453924863764525,3.0,3.0,5.0,5.0,9.0,1.323625739965814,4.445544554455446,0.007820918429754008,0.0884359566565207,0.42513844033628356,0.03370460667647431,3,"multiply(ARG119, ARG49)"
57,3.198464818036882,0.007774543742216605,0.007873047051540882,0.012817006927398195,0.017353350365458514,188.92549131934976,18.794588659243136,1.9234650837894143,3.0,3.0,5.0,5.0,11.0,1.5066519173319364,4.3,0.007820918429754008,0.0884359566565207,0.42513844033628356,0.03370460667647431,3,"multiply(ARG119, ARG49)"
58,3.4601023454633832,0.007774543742216605,0.007873047051540882,0.015278303920654506,0.0242816644494226,1.8311996460880042,0.21034269575071302,0.07145645444296066,3.0,3.0,5.0,5.0,9.0,1.3707776871189528,4.267326732673268,0.007820918429754008,0.0884359566565207,0.42513844033628356,0.03370460667647431,3,"multiply(ARG119, ARG49)"
59,3.4574332804913865,0.007774543742216605,0.007873047051540882,0.016957223591962486,0.02357970886060992,337.83337471255624,33.44395028759824,3.395742552502664,3.0,3.0,3.0,5.0,9.0,1.3069306930693068,4.069306930693069,0.007820918429754008,0.0884359566565207,0.42513844033628356,0.03370460667647431,3,"multiply(ARG119, ARG49)"
60,3.2385019310713687,0.007774543742216605,0.00811187191057391,0.017353350365458514,0.023487212878819923,0.499512543307043,0.0767533217343708,0.035375109202492004,3.0,3.0,5.0,5.0,11.0,1.5046899201198314,4.287128712871287,0.007820918429754008,0.0884359566565207,0.42513844033628356,0.03370460667647431,3,"multiply(ARG119, ARG49)"
61,3.359812044094724,0.007774543742216605,0.00901570144502592,0.01706461585619851,0.02355248283049112,0.7194749258885779,0.10834389906372392,0.044968637549735326,3.0,3.0,5.0,5.0,11.0,1.5297590428378587,4.405940594059406,0.007820918429754008,0.0884359566565207,0.42513844033628356,0.03370460667647431,3,"multiply(ARG119, ARG49)"
62,3.3243776308554516,0.007774543742216605,0.00901570144502592,0.01706461585619851,0.025236312285417478,0.3907907483564666,0.11009760312033309,0.05670457725579652,3.0,3.0,5.0,5.0,9.0,1.524598307751914,4.34,0.007820918429754008,0.0884359566565207,0.42513844033628356,0.03370460667647431,3,"multiply(ARG119, ARG49)"
63,3.3178726032347186,0.007774543742216605,0.00901570144502592,0.017353350365458514,0.02480582634329614,119.87065610510133,11.863736975354191,1.2572594995198436,1.0,3.0,5.0,5.0,11.0,1.7773311423617326,4.544554455445544,0.007820918429754008,0.0884359566565207,0.42513844033628356,0.03370460667647431,3,"multiply(ARG119, ARG49)"
64,3.33141971601799,0.007774543742216605,0.0092029951001297,0.017353350365458514,0.024357215030766616,1.5374700855085588,0.22313558455291366,0.08136206248812919,1.0,3.0,5.0,5.0,9.0,1.915306763941484,4.54,0.007820918429754008,0.0884359566565207,0.42513844033628356,0.03370460667647431,3,"multiply(ARG119, ARG49)"
65,3.383173050926416,0.007774543742216605,0.010658534333096378,0.017353350365458514,0.030470320995863165,4621.516106712051,459.83057235534903,46.2597594550556,3.0,3.0,5.0,5.0,11.0,1.7263835031649257,4.86,0.007820918429754008,0.0884359566565207,0.42513844033628356,0.03370460667647431,3,"multiply(ARG119, ARG49)"
66,3.431803653813404,0.007774543742216605,0.00901570144502592,0.017353350365458514,0.030764074806866007,0.5038291133909522,0.09258574672198364,0.046509268445638074,3.0,3.0,5.0,5.5,15.0,2.609137788619068,5.18,0.007820918429754008,0.0884359566565207,0.42513844033628356,0.03370460667647431,7,"multiply(subtract(add(ARG119, ARG119), ARG119), ARG49)"
67,3.4247940140994615,0.007774543742216605,0.008738981257214418,0.017353350365458514,0.023124917717963243,23.75550311381538,2.3499410423880103,0.2639612655530242,3.0,3.0,5.0,5.0,11.0,2.1296106787335987,4.861386138613861,0.007820918429754008,0.0884359566565207,0.42513844033628356,0.03370460667647431,7,"multiply(subtract(add(ARG119, ARG119), ARG119), ARG49)"
68,3.3393771043301967,0.007774543742216605,0.008738981257214418,0.017353350365458514,0.023708357242035415,27.112118154580717,2.752222437763291,0.38618907408817993,1.0,3.0,5.0,5.0,11.0,1.983363806027551,4.742574257425742,0.007820918429754008,0.0884359566565207,0.42513844033628356,0.03370460667647431,7,"multiply(subtract(add(ARG119, ARG119), ARG119), ARG49)"
69,3.4212916134201805,0.007774543742216605,0.007904765922084526,0.017353350365458514,0.02847268543510386,0.6129779495968345,0.0942286935125383,0.04237824004203274,1.0,3.0,5.0,5.0,13.0,2.0174709904079253,4.702970297029703,0.007820918429754008,0.0884359566565207,0.42513844033628356,0.03370460667647431,7,"multiply(ARG49, subtract(add(ARG119, ARG119), ARG119))"
70,3.424489482269564,0.007774543742216605,0.007792688446958201,0.01706461585619851,0.02057993794017577,0.6129779495968345,0.07207507115908265,0.0289667826341862,3.0,3.0,5.0,7.0,9.0,1.8723083807640102,4.861386138613861,0.007820918429754008,0.0884359566565207,0.42513844033628356,0.03370460667647431,7,"multiply(ARG49, subtract(add(ARG119, ARG119), ARG119))"
71,3.5646808534838783,0.007774543742216604,0.00785295740039521,0.017353350365458514,0.030222104687710596,0.5278245065694743,0.1295789680839228,0.06721524015401503,3.0,3.0,5.0,5.0,13.0,1.9183326093250879,4.6,0.007820918429754008,0.0884359566565207,0.42513844033628356,0.03370460667647427,7,"multiply(ARG119, subtract(add(ARG119, ARG49), ARG119))"
72,3.360970688099769,0.007774543742216604,0.007774543742216605,0.016957223591962486,0.018111238036686586,0.5655720967722666,0.12851904459509417,0.05959696360781699,3.0,3.0,3.0,5.0,9.0,1.5923567439490436,4.38,0.007820918429754008,0.0884359566565207,0.42513844033628356,0.03370460667647427,7,"multiply(ARG119, subtract(add(ARG119, ARG49), ARG119))"
73,3.420314550076,0.007774543742216604,0.007774543742216605,0.016957223591962486,0.021323074162754606,1.5560474616044828,0.19627332087054075,0.08039020719104034,1.0,3.0,5.0,5.5,11.0,1.7951044537853502,4.76,0.007820918429754008,0.0884359566565207,0.42513844033628356,0.03370460667647427,7,"multiply(ARG119, subtract(add(ARG119, ARG49), ARG119))"
74,3.658572855681996,0.007717625701078709,0.007792688446958201,0.017353350365458514,0.034045267158104096,93.27522876461579,9.232181995815404,1.0884304095749913,3.0,3.0,5.0,7.0,15.0,2.4098285824279286,5.415841584158416,0.007812993602862922,0.08839113984366828,0.42572093948745027,0.03395606524465442,11,"multiply(subtract(add(ARG119, add(ARG119, multiply(ARG114, ARG12))), ARG119), ARG49)"
75,3.4761634112110187,0.007717625701078709,0.007774543742216605,0.01706461585619851,0.02224297119982659,4454.7322433139725,443.23377680734194,44.61225977761539,3.0,3.0,5.0,7.0,13.0,2.4307200579252233,5.54,0.007812993602862922,0.08839113984366828,0.42572093948745027,0.03395606524465442,11,"multiply(subtract(add(ARG119, add(ARG119, multiply(ARG114, ARG12))), ARG119), ARG49)"
76,3.574269621669373,0.007717625701078709,0.007774543742216605,0.017353350365458514,0.03564672668293781,39.483469659493174,3.9229296812362224,0.47915023733511575,3.0,3.0,7.0,7.0,15.0,3.1048349392520045,6.4,0.007812993602862922,0.08839113984366828,0.42572093948745027,0.03395606524465442,11,"multiply(subtract(add(ARG119, add(ARG119, multiply(ARG114, ARG12))), ARG119), ARG49)"
77,3.6514747025103134,0.007696827670731271,0.007774543742216605,0.017353350365458514,0.03144041039076816,1.2165972396075826,0.1910145515759268,0.08849108076942912,3.0,3.0,7.0,7.0,17.0,3.3093201718782064,6.22,0.007805407965121322,0.08834821993182049,0.4262785071928734,0.03355550759326893,13,"multiply(subtract(add(ARG119, add(ARG119, multiply(ARG114, add(ARG119, ARG103)))), ARG119), ARG49)"
78,3.553994916881493,0.007687440500741896,0.007774543742216605,0.01720898311082851,0.01822710877935422,8484430.060288033,844190.1246240973,84844.3749837485,1.0,3.0,6.0,7.0,17.0,3.7393047482118917,6.24,0.007823605478160483,0.08845114741008442,0.42494093401375743,0.033679899814190506,15,"multiply(subtract(add(ARG119, add(ARG119, multiply(ARG114, add(ARG119, add(ARG49, ARG119))))), ARG119), ARG49)"
79,3.6228276492147415,0.007686862898173469,0.007774543742216605,0.014620443959910114,0.017398308977656703,0.5858247857494423,0.153885197048887,0.07753639824117527,3.0,3.0,7.0,11.0,17.0,4.13763217311544,7.0,0.007824643073328355,0.08845701257293485,0.4248646675775505,0.03366980511501452,17,"multiply(subtract(add(ARG119, add(ARG119, multiply(ARG114, add(ARG119, add(ARG49, add(ARG119, ARG22)))))), ARG119), ARG49)"
80,3.863753881356388,0.007685788733333028,0.007774543742216605,0.01681555910532794,0.029788181636578162,1.8455774247980645,0.1993648367937026,0.056492754033543494,3.0,3.0,7.0,13.0,23.0,5.217317318315995,8.14,0.007862230695846783,0.08866922067914425,0.42210186171285946,0.03365844957595074,15,"multiply(subtract(add(ARG119, add(ARG119, multiply(ARG114, add(ARG119, add(ARG119, ARG119))))), ARG119), ARG49)"
81,3.7816993445449043,0.007683882315408038,0.0077118385263186436,0.013362548235545557,0.021355264423494263,1.9641879436888567,0.2664420848659129,0.06250263327256654,3.0,3.0,7.0,15.0,27.0,5.813742340351867,9.02,0.007822732041389144,0.0884462098757722,0.4250051343029113,0.03371380069307002,13,"multiply(ARG49, subtract(add(ARG119, add(ARG119, multiply(ARG114, add(ARG119, ARG119)))), ARG119))"
82,4.17479330257629,0.007683882315408038,0.007759478089559962,0.017296455129894125,0.032075668628770704,5.812556701467789,0.7723085063847301,0.16361020819484695,3.0,5.0,11.0,15.0,25.0,5.772472526968017,10.841584158415841,0.007822732041389144,0.0884462098757722,0.4250051343029113,0.03371380069307002,13,"multiply(subtract(add(ARG119, add(ARG119, multiply(ARG114, add(ARG119, ARG119)))), ARG119), ARG49)"
83,4.151860063353524,0.0076756332097473925,0.007707713584707829,0.01697727147305538,0.032075668628770704,2.116808291914936,0.25890235858015703,0.08233858978028141,3.0,7.0,11.0,15.0,29.0,5.635255304146171,10.92079207920792,0.00785491832983489,0.08862797712818954,0.4226393431056378,0.03344715514637789,15,"multiply(ARG49, subtract(add(ARG119, add(ARG119, multiply(ARG114, add(ARG119, add(ARG46, ARG119))))), ARG119))"
84,4.428102880530787,0.007675605505802832,0.007698608381736217,0.016380892869373116,0.030854392176527246,2.37511491452086,0.2518626732741948,0.06779907309808074,3.0,7.0,13.0,17.0,29.0,5.96992462263972,12.8,0.007826605963514636,0.0884681070415471,0.42472038911152765,0.03366214416528829,15,"multiply(subtract(add(ARG119, add(ARG119, multiply(ARG114, add(ARG119, add(ARG119, ARG103))))), ARG119), ARG49)"
85,4.2323224963656685,0.007675605505802832,0.007698608381736217,0.012584273192194118,0.031206143714411008,9783420.78223147,973437.9471759504,97835.50050841483,3.0,7.0,13.0,17.0,27.0,6.2598402535528015,12.88,0.007826605963514636,0.0884681070415471,0.42472038911152765,0.03366214416528829,15,"multiply(subtract(add(ARG119, add(ARG119, multiply(ARG114, add(ARG119, add(ARG119, ARG103))))), ARG119), ARG49)"
86,4.517399298154487,0.007675605505802832,0.007701804331936314,0.011065534640342812,0.052293076891566044,54.184160241237926,5.428074095704946,0.7400171012690374,3.0,11.0,15.0,17.0,27.0,5.46835904921291,13.910891089108912,0.007826605963514636,0.0884681070415471,0.42472038911152765,0.03366214416528829,15,"multiply(subtract(add(ARG119, add(ARG119, multiply(ARG114, add(ARG119, add(ARG119, ARG103))))), ARG119), ARG49)"
87,4.532663458172465,0.007675605505802832,0.0076978549662348175,0.010746749308222135,0.03426348829784233,2.6924018550528177,0.3365116497200293,0.09878229976905076,3.0,11.0,15.0,17.5,27.0,5.151271687651507,14.38,0.007826605963514636,0.0884681070415471,0.42472038911152765,0.03366214416528829,15,"multiply(subtract(add(ARG119, add(ARG119, multiply(ARG114, add(ARG119, add(ARG119, ARG103))))), ARG119), ARG49)"
88,4.52650622298097,0.007675184458595992,0.007695116023147667,0.016315641082578547,0.03140090607087836,1.8847327520004682,0.32382016012042464,0.1014908206316489,3.0,11.0,15.0,17.0,31.0,5.626046569306016,14.26,0.007823352874492035,0.0884497194709629,0.42495950116033043,0.033787149744459816,15,"multiply(subtract(add(ARG119, add(ARG119, multiply(ARG114, add(ARG46, add(ARG119, ARG103))))), ARG119), ARG49)"
89,4.606416798771534,0.007675184458595992,0.007706258901005525,0.0124037385850107,0.03461683000036919,7.860177648361126,0.8578832847880494,0.20201790919956553,3.0,9.0,15.0,17.0,33.0,6.021234847709027,14.267326732673267,0.007823352874492035,0.0884497194709629,0.42495950116033043,0.033787149744459816,15,"multiply(subtract(add(ARG119, add(ARG119, multiply(ARG114, add(ARG46, add(ARG119, ARG103))))), ARG119), ARG49)"
90,4.663023858785891,0.007675184458595992,0.0076962970885257305,0.007827588204479154,0.034254007286079025,1.5991925598780217,0.21594228478127542,0.07052097651693484,3.0,10.5,15.0,19.0,31.0,6.489961479084448,14.98,0.007823352874492035,0.0884497194709629,0.42495950116033043,0.033787149744459816,15,"multiply(subtract(add(ARG119, add(ARG119, multiply(ARG114, add(ARG46, add(ARG119, ARG103))))), ARG119), ARG49)"
91,4.604053119459422,0.007669485890729739,0.007685788733333028,0.007774543742216605,0.03385222714850953,0.6120658523035857,0.07936759759219907,0.0379070402316453,3.0,9.0,15.0,17.0,27.0,6.027353262766416,13.514851485148515,0.007861798328356179,0.08866678255331124,0.42213364205326687,0.033489188742910014,19,"multiply(subtract(add(ARG119, add(add(ARG119, multiply(ARG114, ARG12)), multiply(ARG114, subtract(add(ARG119, ARG119), ARG49)))), ARG119), ARG49)"
92,4.333370712007309,0.007669485890729739,0.007704100277792334,0.011957218451141855,0.03120079491167546,125.68713248946693,12.500665725675438,1.3357152197847406,3.0,7.0,14.0,17.0,27.0,5.937541578801786,12.84,0.007861798328356179,0.08866678255331124,0.42213364205326687,0.033489188742910014,19,"multiply(subtract(add(ARG119, add(add(ARG119, multiply(ARG114, ARG12)), multiply(ARG114, subtract(add(ARG119, ARG119), ARG49)))), ARG119), ARG49)"
93,4.452747190196533,0.007669485890729739,0.007694268460558026,0.012509181104537252,0.03160664511722831,0.549819053644025,0.09632201412840448,0.04464104628485313,3.0,9.0,15.0,19.0,33.0,6.982578320362759,13.94,0.007861798328356179,0.08866678255331124,0.42213364205326687,0.033489188742910014,19,"multiply(subtract(add(ARG119, add(add(ARG119, multiply(ARG114, ARG12)), multiply(ARG114, subtract(add(ARG119, ARG119), ARG49)))), ARG119), ARG49)"
94,4.612085644595936,0.007669485890729739,0.00768584957296925,0.009158150178960975,0.034598409825889506,3.4499445909697526,0.3775419339976109,0.1070664254401684,3.0,9.0,15.0,19.0,41.0,7.343459675112269,14.44,0.007861798328356179,0.08866678255331124,0.42213364205326687,0.033489188742910014,19,"multiply(subtract(add(ARG119, add(add(ARG119, multiply(ARG114, ARG12)), multiply(ARG114, subtract(add(ARG119, ARG119), ARG49)))), ARG119), ARG49)"
95,4.6920642419863725,0.007669485890729739,0.007706698478158866,0.009158150178960975,0.03439672297702719,1673.061643192656,165.64091257900512,16.656333765631107,3.0,11.0,15.0,21.0,39.0,7.754188447956556,15.653465346534654,0.007861798328356179,0.08866678255331124,0.42213364205326687,0.033489188742910014,19,"multiply(subtract(add(ARG119, add(add(ARG119, multiply(ARG114, ARG12)), multiply(ARG114, subtract(add(ARG119, ARG119), ARG49)))), ARG119), ARG49)"
96,4.626711426204565,0.007669485890729739,0.007683444424798084,0.008588238747587634,0.03158715041007149,1.5350149672416793,0.2151683251875359,0.06946687509909658,3.0,9.0,15.0,19.0,41.0,8.230164032387203,15.38,0.007861798328356179,0.08866678255331124,0.42213364205326687,0.033489188742910014,19,"multiply(subtract(add(ARG119, add(add(ARG119, multiply(ARG114, ARG12)), multiply(ARG114, subtract(add(ARG119, ARG119), ARG49)))), ARG119), ARG49)"
97,4.952464288660849,0.007661091580281687,0.007685149188357679,0.007774543742216605,0.032075668628770704,820.8032546494035,81.26522642868332,8.151064502365175,1.0,9.0,17.0,21.0,37.0,8.294689998331153,16.00990099009901,0.007867244602524992,0.08869748926843979,0.4217333241505601,0.03364920335140567,19,"multiply(ARG49, subtract(add(ARG119, add(ARG119, multiply(ARG114, add(ARG46, add(add(ARG46, add(ARG119, ARG103)), ARG103))))), ARG119))"
98,4.990377363326843,0.007661091580281687,0.0076813217402538275,0.007774543742216605,0.030428578192358936,1.8940544859668256,0.2325907831870965,0.06503566631470804,3.0,11.0,17.0,21.0,35.0,8.110113669425772,16.643564356435643,0.007867244602524992,0.08869748926843979,0.4217333241505601,0.03364920335140567,19,"multiply(ARG49, subtract(add(ARG119, add(ARG119, multiply(ARG114, add(ARG46, add(add(ARG46, add(ARG119, ARG103)), ARG103))))), ARG119))"
99,5.206262255982438,0.007661091580281687,0.007681379046044508,0.007729537011841155,0.03075287886940463,1.512688190396171,0.1627993663271156,0.04605698609941982,3.0,13.0,19.0,21.0,37.0,7.853775900951244,18.683168316831683,0.007867244602524992,0.08869748926843979,0.4217333241505601,0.03364920335140567,19,"multiply(ARG49, subtract(add(ARG119, add(ARG119, multiply(ARG114, add(ARG46, add(add(ARG46, add(ARG119, ARG103)), ARG103))))), ARG119))"
100,4.8498239692162315,0.007661091580281687,0.007684966875068677,0.007716258779625696,0.016699948288680988,0.4438052964348944,0.09379608506189865,0.03859957026033107,3.0,11.0,17.0,21.0,35.0,8.159681366327977,17.14,0.007867244602524992,0.08869748926843979,0.4217333241505601,0.03364920335140567,19,"multiply(ARG49, subtract(add(ARG119, add(ARG119, multiply(ARG114, add(ARG46, add(add(ARG46, add(ARG119, ARG103)), ARG103))))), ARG119))"
101,4.771993317375745,0.00763945073273103,0.007679132550715765,0.007750727106923114,0.01985594997144608,6.224586824376572,0.7382838160962628,0.15335691794700898,3.0,9.0,19.0,21.0,43.0,8.578623725346413,16.346534653465348,0.007860985317434302,0.0886621977927138,0.4221934008566315,0.033462369297947964,31,"multiply(ARG49, subtract(add(ARG119, add(add(add(subtract(ARG119, multiply(ARG49, ARG109)), multiply(ARG91, ARG98)), subtract(ARG119, ARG119)), multiply(ARG114, add(ARG46, add(add(ARG12, add(ARG119, ARG103)), ARG103))))), ARG119))"
102,5.102716025492555,0.00763945073273103,0.007673049655261574,0.007700870062923918,0.015749610479206817,395.27009159932413,39.13204836036554,3.9532377950187554,3.0,11.0,19.0,23.0,41.0,8.709270182909123,17.99009900990099,0.007860985317434302,0.0886621977927138,0.4221934008566315,0.033462369297947964,31,"multiply(ARG49, subtract(add(ARG119, add(add(add(subtract(ARG119, multiply(ARG49, ARG109)), multiply(ARG91, ARG98)), subtract(ARG119, ARG119)), multiply(ARG114, add(ARG46, add(add(ARG12, add(ARG119, ARG103)), ARG103))))), ARG119))"
103,5.290035547688603,0.00763945073273103,0.007673928570387721,0.007713467318369222,0.016578392432841815,1.8728945923998168,0.19491207749069786,0.04815293949665892,1.0,13.0,19.0,25.0,49.0,10.060731182682643,19.455445544554454,0.007860985317434302,0.0886621977927138,0.4221934008566315,0.033462369297947964,31,"multiply(ARG49, subtract(add(ARG119, add(add(add(subtract(ARG119, multiply(ARG49, ARG109)), multiply(ARG91, ARG98)), subtract(ARG119, ARG119)), multiply(ARG114, add(ARG46, add(add(ARG12, add(ARG119, ARG103)), ARG103))))), ARG119))"
104,5.067207044648967,0.00763945073273103,0.007671557794880513,0.00774176797999296,0.028379871357255823,3.8420935053414227,0.39017128545976526,0.0754435008554622,1.0,13.0,19.0,25.0,41.0,9.199652167337632,19.08,0.007860985317434302,0.0886621977927138,0.4221934008566315,0.033462369297947964,31,"multiply(ARG49, subtract(add(ARG119, add(add(add(subtract(ARG119, multiply(ARG49, ARG109)), multiply(ARG91, ARG98)), subtract(ARG119, ARG119)), multiply(ARG114, add(ARG46, add(add(ARG12, add(ARG119, ARG103)), ARG103))))), ARG119))"
105,5.240026297888107,0.00763945073273103,0.007666339095629466,0.007700695471283248,0.01972982460600157,1.074435390074187,0.11655179029981767,0.036525186333755684,1.0,15.0,19.0,25.0,39.0,8.200951164346732,20.38,0.007860985317434302,0.0886621977927138,0.4221934008566315,0.033462369297947964,31,"multiply(ARG49, subtract(add(ARG119, add(add(add(subtract(ARG119, multiply(ARG49, ARG109)), multiply(ARG91, ARG98)), subtract(ARG119, ARG119)), multiply(ARG114, add(ARG46, add(add(ARG12, add(ARG119, ARG103)), ARG103))))), ARG119))"
106,5.328242908250104,0.00763945073273103,0.007667159864091525,0.007744478378237949,0.02349366679620902,21.883417788650263,2.1773349054342477,0.25125684616040156,1.0,15.0,21.0,29.0,45.0,9.620207897961457,21.54,0.007860985317434302,0.0886621977927138,0.4221934008566315,0.033462369297947964,31,"multiply(ARG49, subtract(add(ARG119, add(add(add(subtract(ARG119, multiply(ARG49, ARG109)), multiply(ARG91, ARG98)), subtract(ARG119, ARG119)), multiply(ARG114, add(ARG46, add(add(ARG12, add(ARG119, ARG103)), ARG103))))), ARG119))"
107,5.4359293486159,0.00763945073273103,0.007662402784743448,0.0076969602013439355,0.012485498201871982,95.25792346480173,9.490919206889378,1.0377314482409867,3.0,19.0,21.0,29.0,43.0,8.425176556013529,22.58,0.007860985317434302,0.0886621977927138,0.4221934008566315,0.033462369297947964,31,"multiply(ARG49, subtract(add(ARG119, add(add(add(subtract(ARG119, multiply(ARG49, ARG109)), multiply(ARG91, ARG98)), subtract(ARG119, ARG119)), multiply(ARG114, add(ARG46, add(add(ARG12, add(ARG119, ARG103)), ARG103))))), ARG119))"
108,5.473020187328075,0.007634019276112361,0.007662355862942044,0.007733788183640599,0.030194209775330622,268.96429233566977,26.75643475428066,2.7509565123675612,3.0,17.0,23.0,31.0,41.0,9.466910794974252,22.76,0.007691511273909771,0.08770126152975093,0.4346502643130239,0.03226417114989573,33,"multiply(ARG49, subtract(add(ARG119, add(add(add(subtract(ARG119, multiply(ARG49, ARG103)), multiply(ARG91, multiply(ARG49, ARG46))), subtract(ARG119, ARG119)), multiply(ARG114, add(ARG46, add(add(ARG12, add(ARG119, ARG103)), ARG103))))), ARG119))"
109,5.829547841382009,0.007634019276112361,0.00767234303464494,0.008054811905777868,0.029378753580142733,2.2315674827226126,0.2547316490275317,0.06623838467082782,3.0,17.0,27.0,31.0,53.0,10.149502450859352,24.74,0.007691511273909771,0.08770126152975093,0.4346502643130239,0.03226417114989573,33,"multiply(ARG49, subtract(add(ARG119, add(add(add(subtract(ARG119, multiply(ARG49, ARG103)), multiply(ARG91, multiply(ARG49, ARG46))), subtract(ARG119, ARG119)), multiply(ARG114, add(ARG46, add(add(ARG12, add(ARG119, ARG103)), ARG103))))), ARG119))"
110,5.841972170914232,0.007634019276112361,0.007667615389303676,0.008821283251788447,0.03096397690823547,1.893623002468114,0.21974032990645417,0.05987456502264103,3.0,19.0,29.0,31.0,59.0,11.259162853513795,25.059405940594058,0.007691511273909771,0.08770126152975093,0.4346502643130239,0.03226417114989573,33,"multiply(ARG49, subtract(add(ARG119, add(add(add(subtract(ARG119, multiply(ARG49, ARG103)), multiply(ARG91, multiply(ARG49, ARG46))), subtract(ARG119, ARG119)), multiply(ARG114, add(ARG46, add(add(ARG12, add(ARG119, ARG103)), ARG103))))), ARG119))"
111,6.111399736451858,0.007527264380351324,0.007669973792449585,0.00921314203859454,0.027847890081007007,6.972045994197041,0.6906679574286443,0.10164746318172228,3.0,15.0,27.0,31.0,53.0,11.778799748586536,23.95049504950495,0.007814009946199272,0.0883968887812194,0.42564623512622524,0.0334311152171041,41,"multiply(ARG49, subtract(add(ARG119, add(add(add(add(add(subtract(ARG119, multiply(ARG49, ARG98)), multiply(ARG91, ARG98)), subtract(ARG119, ARG119)), multiply(ARG91, multiply(ARG49, ARG46))), subtract(ARG119, ARG119)), multiply(ARG114, add(ARG46, add(add(ARG12, add(ARG119, ARG103)), ARG103))))), ARG119))"
112,5.987974123334425,0.007527264380351324,0.007662355862942044,0.009158150178960975,0.02822898192966047,4.368292694535434,0.4346238779217629,0.07239796288183627,3.0,19.0,29.0,33.0,51.0,9.793315502250248,25.752475247524753,0.007814009946199272,0.0883968887812194,0.42564623512622524,0.0334311152171041,41,"multiply(ARG49, subtract(add(ARG119, add(add(add(add(add(subtract(ARG119, multiply(ARG49, ARG98)), multiply(ARG91, ARG98)), subtract(ARG119, ARG119)), multiply(ARG91, multiply(ARG49, ARG46))), subtract(ARG119, ARG119)), multiply(ARG114, add(ARG46, add(add(ARG12, add(ARG119, ARG103)), ARG103))))), ARG119))"
113,6.260297871976945,0.007527264380351324,0.007663938317675529,0.00900499609892274,0.028422865228829246,0.41556592830285316,0.05970555725514434,0.027944002359680073,5.0,21.0,29.0,33.0,45.0,9.093382209057308,27.52,0.007814009946199272,0.0883968887812194,0.42564623512622524,0.0334311152171041,41,"multiply(ARG49, subtract(add(ARG119, add(add(add(add(add(subtract(ARG119, multiply(ARG49, ARG98)), multiply(ARG91, ARG98)), subtract(ARG119, ARG119)), multiply(ARG91, multiply(ARG49, ARG46))), subtract(ARG119, ARG119)), multiply(ARG114, add(ARG46, add(add(ARG12, add(ARG119, ARG103)), ARG103))))), ARG119))"
114,6.121259167972312,0.007527264380351324,0.007653788585593571,0.007852429545551343,0.028724313474857738,13.54591901328945,1.3512048921480517,0.17592082517867375,3.0,21.0,27.0,33.0,41.0,9.054768060256253,26.346534653465348,0.007814009946199272,0.0883968887812194,0.42564623512622524,0.0334311152171041,41,"multiply(ARG49, subtract(add(ARG119, add(add(add(add(add(subtract(ARG119, multiply(ARG49, ARG98)), multiply(ARG91, ARG98)), subtract(ARG119, ARG119)), multiply(ARG91, multiply(ARG49, ARG46))), subtract(ARG119, ARG119)), multiply(ARG114, add(ARG46, add(add(ARG12, add(ARG119, ARG103)), ARG103))))), ARG119))"
115,6.191446640048525,0.007527264380351324,0.007641577272841388,0.007713763571046041,0.024894510643192494,0.523010198034174,0.055411257382092106,0.02329436796898416,3.0,23.0,28.0,33.0,43.0,9.06110368553412,27.42,0.007814009946199272,0.0883968887812194,0.42564623512622524,0.0334311152171041,41,"multiply(ARG49, subtract(add(ARG119, add(add(add(add(add(subtract(ARG119, multiply(ARG49, ARG98)), multiply(ARG91, ARG98)), subtract(ARG119, ARG119)), multiply(ARG91, multiply(ARG49, ARG46))), subtract(ARG119, ARG119)), multiply(ARG114, add(ARG46, add(add(ARG12, add(ARG119, ARG103)), ARG103))))), ARG119))"
116,6.321591022286157,0.007477216669429073,0.007639348612620723,0.007955153479871,0.02220849598980817,0.41099205461306837,0.044159434563387834,0.021259273718010983,1.0,23.0,29.0,33.0,53.0,9.643318930741636,27.92,0.007506961563387408,0.08664272366094805,0.44821523566252175,0.03281988877511381,27,"multiply(ARG49, subtract(add(ARG119, add(add(add(subtract(ARG119, multiply(ARG49, ARG103)), ARG109), subtract(ARG119, ARG119)), multiply(ARG114, add(ARG119, add(add(ARG119, ARG103), ARG103))))), ARG119))"
117,6.492160155281454,0.007477216669429073,0.007633890500965781,0.007768502865647066,0.02079874275542833,1.0059547845901131,0.10055211310411655,0.027296654992487075,3.0,23.0,31.0,37.5,53.0,10.263020997737458,29.52,0.007506961563387408,0.08664272366094805,0.44821523566252175,0.03281988877511381,27,"multiply(ARG49, subtract(add(ARG119, add(add(add(subtract(ARG119, multiply(ARG49, ARG103)), ARG109), subtract(ARG119, ARG119)), multiply(ARG114, add(ARG119, add(add(ARG119, ARG103), ARG103))))), ARG119))"
118,6.663561200937693,0.007477216669429073,0.0076374637185004585,0.007958360916182185,0.02913878740082124,0.4923471282638589,0.06928907710888361,0.028158388000809786,3.0,23.0,31.0,39.0,57.0,11.43015169659081,30.306930693069308,0.007506961563387408,0.08664272366094805,0.44821523566252175,0.03281988877511381,27,"multiply(ARG49, subtract(add(ARG119, add(add(add(subtract(ARG119, multiply(ARG49, ARG103)), ARG109), subtract(ARG119, ARG119)), multiply(ARG114, add(ARG119, add(add(ARG119, ARG103), ARG103))))), ARG119))"
119,6.388344115275686,0.007477216669429073,0.0076364738850478,0.007849337137754497,0.02565878032193616,0.40769275230018576,0.07006492098525402,0.029609814838564744,3.0,23.0,31.0,39.0,67.0,13.869376337817066,29.98,0.007506961563387408,0.08664272366094805,0.44821523566252175,0.03281988877511381,27,"multiply(ARG49, subtract(add(ARG119, add(add(add(subtract(ARG119, multiply(ARG49, ARG103)), ARG109), subtract(ARG119, ARG119)), multiply(ARG114, add(ARG119, add(add(ARG119, ARG103), ARG103))))), ARG119))"
120,6.534694713955105,0.007474410864813066,0.007560904587699522,0.007809313582709639,0.026706588637257257,0.39862979019598815,0.052920941611938166,0.027078859954202533,3.0,25.0,33.0,39.0,55.0,11.954985334397211,30.702970297029704,0.007537890957639841,0.0868210283148031,0.44594183005433063,0.03264111890639344,27,"multiply(ARG49, subtract(add(ARG119, add(add(add(subtract(ARG119, multiply(ARG49, ARG103)), ARG109), subtract(ARG119, ARG119)), multiply(ARG114, add(ARG119, add(add(ARG119, ARG103), ARG119))))), ARG119))"
121,6.304729635499825,0.007474410864813066,0.007544880484322946,0.007803787203674455,0.021116294732725197,1.8903807907615129,0.21259155269097327,0.05650005051271102,3.0,23.0,31.0,39.0,71.0,13.419150494722084,29.08,0.007537890957639841,0.0868210283148031,0.44594183005433063,0.03264111890639344,27,"multiply(ARG49, subtract(add(ARG119, add(add(add(subtract(ARG119, multiply(ARG49, ARG103)), ARG109), subtract(ARG119, ARG119)), multiply(ARG114, add(ARG119, add(add(ARG119, ARG103), ARG119))))), ARG119))"
122,6.1842147205570654,0.007474410864813066,0.007535891642055686,0.00783038114827429,0.026806042472183735,2126274.941667871,210522.26774004978,21052.264267569815,3.0,23.0,27.0,39.0,71.0,13.252718424262289,28.702970297029704,0.007537890957639841,0.0868210283148031,0.44594183005433063,0.03264111890639344,27,"multiply(ARG49, subtract(add(ARG119, add(add(add(subtract(ARG119, multiply(ARG49, ARG103)), ARG109), subtract(ARG119, ARG119)), multiply(ARG114, add(ARG119, add(add(ARG119, ARG103), ARG119))))), ARG119))"
123,6.408283550441411,0.007474170240172045,0.007545437516663751,0.011954926066298216,0.030605137450038306,0.7350813596074687,0.11302844939506843,0.04431120610314066,3.0,27.0,29.0,37.0,73.0,12.155029037757764,29.673267326732674,0.007538598460360974,0.08682510270861171,0.44588982642823616,0.032641298219451685,31,"multiply(ARG49, subtract(add(ARG119, add(add(add(subtract(ARG119, multiply(ARG49, ARG103)), ARG109), subtract(ARG119, ARG119)), multiply(ARG114, add(ARG119, add(add(ARG119, subtract(ARG119, multiply(ARG49, ARG98))), ARG103))))), ARG119))"
124,6.498237984513253,0.007474170240172045,0.007521198799591217,0.008361893308395135,0.02290220394239926,0.7177406561676034,0.11022981683642298,0.04067022166709856,3.0,23.0,27.0,35.0,73.0,11.17989266495882,27.7,0.007538598460360974,0.08682510270861171,0.44588982642823616,0.032641298219451685,31,"multiply(ARG49, subtract(add(ARG119, add(add(add(subtract(ARG119, multiply(ARG49, ARG103)), ARG109), subtract(ARG119, ARG119)), multiply(ARG114, add(ARG119, add(add(ARG119, subtract(ARG119, multiply(ARG49, ARG98))), ARG103))))), ARG119))"
125,6.164420720688213,0.007474170240172045,0.007530768885773821,0.007742526517398112,0.028893279588183052,5.96283425830794,0.5983348459532887,0.0973857649607072,3.0,22.5,27.0,33.5,69.0,10.844279598018487,26.96,0.007538598460360974,0.08682510270861171,0.44588982642823616,0.032641298219451685,31,"multiply(ARG49, subtract(add(ARG119, add(add(add(subtract(ARG119, multiply(ARG49, ARG103)), ARG109), subtract(ARG119, ARG119)), multiply(ARG114, add(ARG119, add(add(ARG119, subtract(ARG119, multiply(ARG49, ARG98))), ARG103))))), ARG119))"
126,6.040027151717368,0.007474170240172045,0.007521609652033473,0.007726562046354765,0.020579937940175774,2307.61364965508,228.4750256185397,22.863398210994692,3.0,23.0,27.0,31.0,69.0,11.274024006202147,27.15841584158416,0.007538598460360974,0.08682510270861171,0.44588982642823616,0.032641298219451685,31,"multiply(ARG49, subtract(add(ARG119, add(add(add(subtract(ARG119, multiply(ARG49, ARG103)), ARG109), subtract(ARG119, ARG119)), multiply(ARG114, add(ARG119, add(add(ARG119, subtract(ARG119, multiply(ARG49, ARG98))), ARG103))))), ARG119))"
127,5.982742437223351,0.007474170240172045,0.007542971093410046,0.008306833988074757,0.02883181115588162,1.9555135085615578,0.19899044034696148,0.04365872298267884,3.0,22.5,27.0,31.5,69.0,10.948515881159418,26.9,0.007538598460360974,0.08682510270861171,0.44588982642823616,0.032641298219451685,31,"multiply(ARG49, subtract(add(ARG119, add(add(add(subtract(ARG119, multiply(ARG49, ARG103)), ARG109), subtract(ARG119, ARG119)), multiply(ARG114, add(ARG119, add(add(ARG119, subtract(ARG119, multiply(ARG49, ARG98))), ARG103))))), ARG119))"
128,6.2489485113510455,0.007474170240172045,0.007569046530010753,0.009654409690092066,0.029377623788184624,0.6901059022432425,0.10428576786933608,0.04197859383841099,3.0,22.5,27.0,33.5,71.0,12.358381771089611,27.48,0.007538598460360974,0.08682510270861171,0.44588982642823616,0.032641298219451685,31,"multiply(ARG49, subtract(add(ARG119, add(add(add(subtract(ARG119, multiply(ARG49, ARG103)), ARG109), subtract(ARG119, ARG119)), multiply(ARG114, add(ARG119, add(add(ARG119, subtract(ARG119, multiply(ARG49, ARG98))), ARG103))))), ARG119))"
129,6.122477579912811,0.007428508604377847,0.007570252874695122,0.008615730783456458,0.028413950720854474,0.3877721516263441,0.0448088690541539,0.02431500029535413,5.0,21.0,27.0,31.0,69.0,11.120773354403012,26.78,0.007643156508344609,0.08742514803158534,0.4382044883085343,0.03424857376230217,27,"multiply(ARG49, subtract(add(ARG119, add(add(add(subtract(ARG119, multiply(ARG49, ARG8)), ARG109), subtract(ARG119, ARG119)), multiply(ARG114, add(ARG119, add(add(ARG119, ARG103), ARG103))))), ARG119))"
130,5.995764161441912,0.007428508604377847,0.007555878859508247,0.009276306173358815,0.028100829019192718,0.31547446236168564,0.03646318154428014,0.021181735654685528,3.0,21.0,27.0,31.0,59.0,10.180914232347266,25.95049504950495,0.007643156508344609,0.08742514803158534,0.4382044883085343,0.03424857376230217,27,"multiply(ARG49, subtract(add(ARG119, add(add(add(subtract(ARG119, multiply(ARG49, ARG8)), ARG109), subtract(ARG119, ARG119)), multiply(ARG114, add(ARG119, add(add(ARG119, ARG103), ARG103))))), ARG119))"
131,5.944202083908749,0.007428508604377847,0.007485504804327967,0.0077137574337085985,0.024131625967221088,0.38878141407845535,0.047350108687425875,0.024434666051369104,3.0,20.5,27.0,31.0,49.0,10.125828361176186,25.74,0.007643156508344609,0.08742514803158534,0.4382044883085343,0.03424857376230217,27,"multiply(ARG49, subtract(add(ARG119, add(add(add(subtract(ARG119, multiply(ARG49, ARG8)), ARG109), subtract(ARG119, ARG119)), multiply(ARG114, add(ARG119, add(add(ARG119, ARG103), ARG103))))), ARG119))"
132,5.842835390583787,0.007428508604377847,0.007545779577073736,0.008621391623404343,0.028055374570265544,3.2595758428789843,0.3307974678005432,0.06892429795846625,3.0,21.0,27.0,31.0,47.0,10.100097010019397,25.217821782178216,0.007643156508344609,0.08742514803158534,0.4382044883085343,0.03424857376230217,27,"multiply(ARG49, subtract(add(ARG119, add(add(add(subtract(ARG119, multiply(ARG49, ARG8)), ARG109), subtract(ARG119, ARG119)), multiply(ARG114, add(ARG119, add(add(ARG119, ARG103), ARG103))))), ARG119))"
133,6.08648846336655,0.007428508604377847,0.0075453936439340685,0.008600989255270563,0.028706981805173948,1.7857563444969409,0.21773563153083786,0.06374614368228233,3.0,23.0,27.0,31.0,51.0,10.33564705279742,26.12,0.007643156508344609,0.08742514803158534,0.4382044883085343,0.03424857376230217,27,"multiply(ARG49, subtract(add(ARG119, add(add(add(subtract(ARG119, multiply(ARG49, ARG8)), ARG109), subtract(ARG119, ARG119)), multiply(ARG114, add(ARG119, add(add(ARG119, ARG103), ARG103))))), ARG119))"
134,5.74958945124672,0.007428508604377847,0.007480846521043297,0.007776673588719107,0.01706461585619851,5.517521092773542,0.5462356480600198,0.07610987852993903,3.0,21.0,27.0,31.0,47.0,10.0850612271273,24.663366336633665,0.007643156508344609,0.08742514803158534,0.4382044883085343,0.03424857376230217,27,"multiply(ARG49, subtract(add(ARG119, add(add(add(subtract(ARG119, multiply(ARG49, ARG8)), ARG109), subtract(ARG119, ARG119)), multiply(ARG114, add(ARG119, add(add(ARG119, ARG103), ARG103))))), ARG119))"
135,5.752533164086344,0.007428508604377847,0.007480846521043297,0.007895147196829481,0.020579937940175774,2.0062872408701127,0.2209069574755587,0.058710300487077975,3.0,19.0,27.0,29.0,51.0,10.944029745925313,23.554455445544555,0.007643156508344609,0.08742514803158534,0.4382044883085343,0.03424857376230217,27,"multiply(ARG49, subtract(add(ARG119, add(add(add(subtract(ARG119, multiply(ARG49, ARG8)), ARG109), subtract(ARG119, ARG119)), multiply(ARG114, add(ARG119, add(add(ARG119, ARG103), ARG103))))), ARG119))"
136,5.554741731390095,0.007427388918242836,0.007512712991685435,0.00806839379993268,0.026355303787004514,0.3622559817930821,0.04712805383460261,0.02530344475173547,3.0,15.0,25.0,31.0,47.0,10.616892200639507,22.96,0.007643963205810079,0.0874297615564064,0.43814519356363424,0.034240174560568534,29,"multiply(ARG49, subtract(add(ARG119, add(add(add(subtract(ARG119, multiply(ARG49, ARG8)), ARG109), subtract(ARG119, ARG119)), multiply(ARG114, add(ARG119, add(add(add(ARG119, ARG98), ARG103), ARG103))))), ARG119))"
137,5.555642234867264,0.007427388918242836,0.007487001810507717,0.008281128384935464,0.024648979321814004,0.48616477537845404,0.06548885663423737,0.029221081030144487,3.0,12.5,26.0,29.5,45.0,11.021342930877344,22.9,0.007643963205810079,0.0874297615564064,0.43814519356363424,0.034240174560568534,29,"multiply(ARG49, subtract(add(ARG119, add(add(add(subtract(ARG119, multiply(ARG49, ARG8)), ARG109), subtract(ARG119, ARG119)), multiply(ARG114, add(ARG119, add(add(add(ARG119, ARG98), ARG103), ARG103))))), ARG119))"
138,5.625906551416847,0.007427388918242836,0.007535298656823298,0.009041534006609014,0.024299470898455227,0.6535513286665956,0.10635743588086329,0.04418546124410298,3.0,11.0,27.0,31.0,49.0,11.515460171375414,22.524752475247524,0.007643963205810079,0.0874297615564064,0.43814519356363424,0.034240174560568534,29,"multiply(ARG49, subtract(add(ARG119, add(add(add(subtract(ARG119, multiply(ARG49, ARG8)), ARG109), subtract(ARG119, ARG119)), multiply(ARG114, add(ARG119, add(add(add(ARG119, ARG98), ARG103), ARG103))))), ARG119))"
139,5.883801183405012,0.007427388918242836,0.007500778853699505,0.010236515686513271,0.027048493812585096,16038.020251417318,1595.7599467666275,160.40926715395145,3.0,20.5,27.0,33.0,49.0,10.675935556193659,25.38,0.007643963205810079,0.0874297615564064,0.43814519356363424,0.034240174560568534,29,"multiply(ARG49, subtract(add(ARG119, add(add(add(subtract(ARG119, multiply(ARG49, ARG8)), ARG109), subtract(ARG119, ARG119)), multiply(ARG114, add(ARG119, add(add(add(ARG119, ARG98), ARG103), ARG103))))), ARG119))"
140,6.247749452839344,0.007427388918242836,0.007467733159112347,0.008246434433881351,0.029665160595019117,247.82981539329353,24.655411507424024,2.5190377318657196,3.0,21.0,29.0,33.5,57.0,11.527688406614747,27.18,0.007643963205810079,0.0874297615564064,0.43814519356363424,0.034240174560568534,29,"multiply(ARG49, subtract(add(ARG119, add(add(add(subtract(ARG119, multiply(ARG49, ARG8)), ARG109), subtract(ARG119, ARG119)), multiply(ARG114, add(ARG119, add(add(add(ARG119, ARG98), ARG103), ARG103))))), ARG119))"
141,6.023294123675441,0.007427388918242836,0.007463129705084421,0.008529152730471438,0.025199008235007918,0.4237253625271397,0.06485627982214101,0.02775842615346895,3.0,22.5,27.0,31.0,51.0,10.379903660439243,26.24,0.007643963205810079,0.0874297615564064,0.43814519356363424,0.034240174560568534,29,"multiply(ARG49, subtract(add(ARG119, add(add(add(subtract(ARG119, multiply(ARG49, ARG8)), ARG109), subtract(ARG119, ARG119)), multiply(ARG114, add(ARG119, add(add(add(ARG119, ARG98), ARG103), ARG103))))), ARG119))"
142,5.905645792478026,0.007420304552778093,0.0074672601843134125,0.008685504927835711,0.024257089223982026,2.3387225553661715,0.24815435232424896,0.05753341748826442,3.0,21.0,27.0,31.0,43.0,9.616153076984581,25.64,0.007650790128997778,0.08746879517289453,0.43764339371152816,0.03379057502834368,31,"multiply(ARG49, subtract(add(ARG119, add(add(add(subtract(ARG119, multiply(ARG49, ARG8)), ARG109), subtract(ARG119, ARG119)), multiply(ARG114, add(add(add(ARG119, ARG98), ARG103), add(add(ARG119, ARG103), ARG103))))), ARG119))"
143,6.014450177739491,0.007413377366510544,0.007460280149244966,0.009044649895389667,0.024227871255997645,0.45416810145813546,0.08122501894664183,0.03517047415797017,3.0,23.0,27.0,31.0,43.0,8.65283768482918,26.22,0.007626898499330419,0.08733211608183108,0.43939950197641353,0.03387650514721981,29,"multiply(ARG49, add(add(add(subtract(ARG119, multiply(ARG49, ARG8)), ARG109), subtract(ARG119, ARG119)), multiply(ARG114, add(ARG49, add(add(ARG119, add(add(ARG119, subtract(ARG119, ARG114)), ARG103)), ARG103)))))"
144,5.923662123357644,0.007413377366510544,0.007453801627989041,0.009261148949631868,0.028007380001779582,11.25395747064137,1.116474845254877,0.14421384726288508,1.0,23.0,27.0,31.0,39.0,8.920610760676409,25.257425742574256,0.007626898499330419,0.08733211608183108,0.43939950197641353,0.03387650514721981,29,"multiply(ARG49, add(add(add(subtract(ARG119, multiply(ARG49, ARG8)), ARG109), subtract(ARG119, ARG119)), multiply(ARG114, add(ARG49, add(add(ARG119, add(add(ARG119, subtract(ARG119, ARG114)), ARG103)), ARG103)))))"
145,5.5237253065970435,0.007413377366510544,0.007535644624959155,0.010425243512299788,0.03012207503937365,0.5694707095810082,0.09191730354989634,0.0379319443231468,1.0,20.5,27.0,31.0,43.0,10.767432377312614,23.68,0.007626898499330419,0.08733211608183108,0.43939950197641353,0.03387650514721981,29,"multiply(ARG49, add(add(add(subtract(ARG119, multiply(ARG49, ARG8)), ARG109), subtract(ARG119, ARG119)), multiply(ARG114, add(ARG49, add(add(ARG119, add(add(ARG119, subtract(ARG119, ARG114)), ARG103)), ARG103)))))"
146,5.849747693955578,0.007413377366510544,0.0075066528667124995,0.008004431030632784,0.020662051748981662,2.824140791204695,0.2877355699212696,0.0630821540909911,3.0,17.0,27.0,31.0,49.0,10.88943281735184,23.336633663366335,0.007626898499330419,0.08733211608183108,0.43939950197641353,0.03387650514721981,29,"multiply(ARG49, add(add(add(subtract(ARG119, multiply(ARG49, ARG8)), ARG109), subtract(ARG119, ARG119)), multiply(ARG114, add(ARG49, add(add(ARG119, add(add(ARG119, subtract(ARG119, ARG114)), ARG103)), ARG103)))))"
147,5.925915089694172,0.007413377366510544,0.0074386701941927475,0.00854417761001631,0.026826609372231212,2.7490156801246943,0.27475340479209365,0.05224159434165434,3.0,19.0,29.0,33.0,39.0,10.621653708218142,24.14851485148515,0.007626898499330419,0.08733211608183108,0.43939950197641353,0.03387650514721981,29,"multiply(ARG49, add(add(add(subtract(ARG119, multiply(ARG49, ARG8)), ARG109), subtract(ARG119, ARG119)), multiply(ARG114, add(ARG49, add(add(ARG119, add(add(ARG119, subtract(ARG119, ARG114)), ARG103)), ARG103)))))"
148,6.108420447460958,0.007413377366510544,0.0074380644738112085,0.010561624704067336,0.02645943461732001,0.4327916337887367,0.08034663384213438,0.03444330848068318,3.0,23.0,29.0,35.0,43.0,9.874634170438924,27.46,0.007626898499330419,0.08733211608183108,0.43939950197641353,0.03387650514721981,29,"multiply(ARG49, add(add(add(subtract(ARG119, multiply(ARG49, ARG8)), ARG109), subtract(ARG119, ARG119)), multiply(ARG114, add(ARG49, add(add(ARG119, add(add(ARG119, subtract(ARG119, ARG114)), ARG103)), ARG103)))))"
149,6.353071644673037,0.007411809974395423,0.007432084552971583,0.007884512811174983,0.02636418288320441,161766.02769063125,16016.431787817572,1601.7098316613622,3.0,25.0,31.0,35.0,45.0,9.126371556026477,28.405940594059405,0.0076327739802768005,0.08736574832436794,0.4389676360554289,0.033767868977764584,35,"multiply(ARG49, subtract(add(ARG119, add(add(add(subtract(ARG119, multiply(ARG49, ARG8)), ARG109), subtract(ARG119, ARG119)), multiply(ARG114, add(add(add(add(add(ARG103, ARG103), ARG103), ARG98), ARG103), add(add(ARG119, ARG103), ARG103))))), ARG119))"
150,6.2873061455647985,0.007411809974395423,0.007480962191101524,0.015850546392164037,0.028071413281289155,7.641696401182569,0.8049565272032971,0.15079411924749708,3.0,24.5,33.0,35.0,59.0,10.442221985765292,28.6,0.0076327739802768005,0.08736574832436794,0.4389676360554289,0.033767868977764584,35,"multiply(ARG49, subtract(add(ARG119, add(add(add(subtract(ARG119, multiply(ARG49, ARG8)), ARG109), subtract(ARG119, ARG119)), multiply(ARG114, add(add(add(add(add(ARG103, ARG103), ARG103), ARG98), ARG103), add(add(ARG119, ARG103), ARG103))))), ARG119))"
151,6.459465105490381,0.007411809974395423,0.007442638635309494,0.012549767997392625,0.02718166322477975,0.4574979744417607,0.060392091543554106,0.031289298019546996,5.0,23.0,31.0,35.0,51.0,9.743490134443611,28.62,0.0076327739802768005,0.08736574832436794,0.4389676360554289,0.033767868977764584,35,"multiply(ARG49, subtract(add(ARG119, add(add(add(subtract(ARG119, multiply(ARG49, ARG8)), ARG109), subtract(ARG119, ARG119)), multiply(ARG114, add(add(add(add(add(ARG103, ARG103), ARG103), ARG98), ARG103), add(add(ARG119, ARG103), ARG103))))), ARG119))"
152,6.46291684573589,0.007410529049822085,0.007443920745752544,0.00813009196084305,0.028007380001779582,438168.95013858716,43597.24822902126,4381.807416717698,3.0,24.5,33.0,35.5,49.0,10.155176020138697,29.18,0.007595181651838339,0.08715033936731595,0.44173078781971664,0.03379108467612864,29,"multiply(ARG49, add(add(add(subtract(ARG119, multiply(ARG49, ARG8)), ARG109), subtract(ARG119, ARG119)), multiply(ARG114, add(ARG49, add(add(ARG103, add(add(ARG119, subtract(ARG119, ARG114)), ARG103)), ARG103)))))"
153,6.238096362980286,0.007410529049822085,0.007417850376656481,0.00773998000806675,0.017353350365458514,11.431240349709956,1.1906788928761305,0.1771833920981978,3.0,21.0,33.0,35.0,55.0,10.842773116233353,28.168316831683168,0.007595181651838339,0.08715033936731595,0.44173078781971664,0.03379108467612864,29,"multiply(ARG49, add(add(add(subtract(ARG119, multiply(ARG49, ARG8)), ARG109), subtract(ARG119, ARG119)), multiply(ARG114, add(ARG49, add(add(ARG103, add(add(ARG119, subtract(ARG119, ARG114)), ARG103)), ARG103)))))"
154,6.261673957404128,0.007410529049822085,0.007422766074462327,0.007774543742216605,0.01697523581039542,31.393825567459306,3.106630595089537,0.34324336641704073,3.0,25.0,33.0,35.0,45.0,9.537650023141188,28.940594059405942,0.007595181651838339,0.08715033936731595,0.44173078781971664,0.03379108467612864,29,"multiply(ARG49, add(add(add(subtract(ARG119, multiply(ARG49, ARG8)), ARG109), subtract(ARG119, ARG119)), multiply(ARG114, add(ARG49, add(add(ARG103, add(add(ARG119, subtract(ARG119, ARG114)), ARG103)), ARG103)))))"
155,6.3249915328779025,0.007410529049822085,0.007421903007356476,0.008656445820899354,0.020565873035825546,0.6087225343937277,0.09370949611131174,0.039066810213179835,3.0,23.0,31.0,35.0,67.0,10.168087332433766,28.5,0.007595181651838339,0.08715033936731595,0.44173078781971664,0.03379108467612864,29,"multiply(ARG49, add(add(add(subtract(ARG119, multiply(ARG49, ARG8)), ARG109), subtract(ARG119, ARG119)), multiply(ARG114, add(ARG49, add(add(ARG103, add(add(ARG119, subtract(ARG119, ARG114)), ARG103)), ARG103)))))"
156,6.299227570663788,0.007410529049822085,0.007424550501148915,0.01006680948247287,0.02127948020289041,1.9764863457350894,0.196259529989288,0.039021587656734934,3.0,25.0,33.0,35.0,49.0,9.540880462514977,29.54,0.007595181651838339,0.08715033936731595,0.44173078781971664,0.03379108467612864,29,"multiply(ARG49, add(add(add(subtract(ARG119, multiply(ARG49, ARG8)), ARG109), subtract(ARG119, ARG119)), multiply(ARG114, add(ARG49, add(add(ARG103, add(add(ARG119, subtract(ARG119, ARG114)), ARG103)), ARG103)))))"
157,6.534364567294688,0.007410529049822085,0.007445949273117917,0.009890884593934345,0.023353644055422566,0.6153740450788033,0.09782378043917221,0.04195380444454831,5.0,27.0,33.0,35.0,57.0,9.23841977829542,30.46,0.007595181651838339,0.08715033936731595,0.44173078781971664,0.03379108467612864,29,"multiply(ARG49, add(add(add(subtract(ARG119, multiply(ARG49, ARG8)), ARG109), subtract(ARG119, ARG119)), multiply(ARG114, add(ARG49, add(add(ARG103, add(add(ARG119, subtract(ARG119, ARG114)), ARG103)), ARG103)))))"
158,6.205198956053209,0.007408289486807524,0.007428887120249325,0.007742931080920496,0.019297009516676747,0.11548763181967464,0.020314716214244775,0.017343174513279346,3.0,25.0,31.0,35.0,43.0,9.31173453229848,28.46,0.007609781004182559,0.08723405873959184,0.44065769051866943,0.03377719588996922,35,"multiply(ARG49, subtract(add(ARG119, add(add(add(subtract(ARG119, multiply(ARG49, ARG8)), ARG109), subtract(ARG119, ARG119)), multiply(ARG114, add(add(add(add(add(ARG119, ARG8), ARG103), ARG8), ARG103), add(add(ARG49, ARG103), ARG103))))), ARG119))"
159,6.1745516693772515,0.007406139403002925,0.007434394626857711,0.007774543742216605,0.02755773078568394,26911.262293195607,2665.0195916350212,275.156112819653,3.0,21.0,29.0,35.0,47.0,10.85495355425498,27.435643564356436,0.0076015759003953635,0.08718701681096426,0.4412607908837577,0.03390783794537433,33,"multiply(ARG49, add(add(add(subtract(ARG119, multiply(ARG49, ARG8)), ARG109), subtract(ARG119, ARG119)), multiply(ARG114, add(ARG49, add(add(add(add(ARG49, ARG103), ARG103), add(add(ARG119, subtract(ARG119, ARG114)), ARG103)), ARG103)))))"
160,6.318522650621162,0.007406139403002925,0.00742195315447132,0.007704391973507392,0.02199440533688715,3.8195534608389377,0.3820789463448699,0.06319143987844851,3.0,24.5,31.0,35.0,57.0,10.789087079081344,28.66,0.0076015759003953635,0.08718701681096426,0.4412607908837577,0.03390783794537433,33,"multiply(ARG49, add(add(add(subtract(ARG119, multiply(ARG49, ARG8)), ARG109), subtract(ARG119, ARG119)), multiply(ARG114, add(ARG49, add(add(add(add(ARG49, ARG103), ARG103), add(add(ARG119, subtract(ARG119, ARG114)), ARG103)), ARG103)))))"
161,6.230514374186896,0.007406139403002925,0.007437068128264337,0.007771130913278572,0.020418486354420166,1.8111419526084858,0.1864546075977885,0.04230087169906596,3.0,23.0,29.0,35.0,59.0,9.924736772328021,28.14,0.0076015759003953635,0.08718701681096426,0.4412607908837577,0.03390783794537433,33,"multiply(ARG49, add(add(add(subtract(ARG119, multiply(ARG49, ARG8)), ARG109), subtract(ARG119, ARG119)), multiply(ARG114, add(ARG49, add(add(add(add(ARG49, ARG103), ARG103), add(add(ARG119, subtract(ARG119, ARG114)), ARG103)), ARG103)))))"
162,6.03130786460315,0.007404959167040258,0.00743516533749917,0.007758224367836013,0.02237600115441889,5.849342917969627,0.6154884013057604,0.11654416539710492,3.0,21.0,29.0,35.0,57.0,10.566664563617037,27.16,0.0075682980366868,0.08699596563454423,0.44370681622024544,0.03400211401895559,27,"multiply(ARG49, add(add(add(subtract(ARG119, multiply(ARG49, ARG8)), ARG109), subtract(ARG119, ARG119)), multiply(ARG114, add(ARG49, add(add(ARG119, add(multiply(ARG49, ARG8), ARG10)), ARG103)))))"
163,6.201667240628012,0.007401445796896444,0.007438809270369318,0.0077515219390493694,0.021232085657838847,3.6829537213885737,0.38743448785310164,0.08120149606575601,3.0,21.0,29.0,35.0,55.0,10.95659866064152,28.04950495049505,0.007597555241489684,0.0871639560913207,0.4415563216798086,0.0338668538800882,25,"multiply(ARG49, add(add(add(subtract(ARG119, multiply(ARG49, ARG8)), ARG109), subtract(ARG119, ARG119)), multiply(ARG114, add(ARG49, add(add(ARG119, add(ARG119, ARG10)), ARG103)))))"
164,6.191502992664027,0.007401275798393767,0.007468196353657247,0.00812412077092629,0.021788734093870346,2.6317319387938753,0.28157285906470664,0.06568194339409761,3.0,21.0,29.0,35.0,59.0,10.97755059192776,27.356435643564357,0.007607960280233219,0.08722362226044743,0.4407915193290114,0.03384422571586096,31,"multiply(ARG49, add(add(add(subtract(ARG119, multiply(ARG49, ARG8)), ARG109), subtract(ARG119, ARG119)), multiply(ARG114, add(add(ARG103, ARG103), add(add(ARG103, add(add(ARG119, subtract(ARG119, ARG114)), ARG103)), ARG103)))))"
165,6.243669864725234,0.007401275798393767,0.007427045482912317,0.007720218778163451,0.017353350365458514,116.66282564417973,11.547347695415352,1.2044656946501089,3.0,23.0,31.0,35.0,65.0,10.359407407337207,28.544554455445546,0.007607960280233219,0.08722362226044743,0.4407915193290114,0.03384422571586096,31,"multiply(ARG49, add(add(add(subtract(ARG119, multiply(ARG49, ARG8)), ARG109), subtract(ARG119, ARG119)), multiply(ARG114, add(add(ARG103, ARG103), add(add(ARG103, add(add(ARG119, subtract(ARG119, ARG114)), ARG103)), ARG103)))))"
166,6.134882840629871,0.007401275798393767,0.007422694267982026,0.007747224796647885,0.02057993794017577,1.6162547914588357,0.17021587544765096,0.0408961672200495,3.0,23.0,31.0,35.0,41.0,10.032427423111518,27.48,0.007607960280233219,0.08722362226044743,0.4407915193290114,0.03384422571586096,31,"multiply(ARG49, add(add(add(subtract(ARG119, multiply(ARG49, ARG8)), ARG109), subtract(ARG119, ARG119)), multiply(ARG114, add(add(ARG103, ARG103), add(add(ARG103, add(add(ARG119, subtract(ARG119, ARG114)), ARG103)), ARG103)))))"
167,6.221659613103839,0.007401275798393767,0.007437037938833102,0.007703948642140421,0.017060259629067116,0.27319877143410876,0.04159988611654147,0.021662869512802746,3.0,23.0,29.0,35.0,53.0,9.454154699094175,27.693069306930692,0.007607960280233219,0.08722362226044743,0.4407915193290114,0.03384422571586096,31,"multiply(ARG49, add(add(add(subtract(ARG119, multiply(ARG49, ARG8)), ARG109), subtract(ARG119, ARG119)), multiply(ARG114, add(add(ARG103, ARG103), add(add(ARG103, add(add(ARG119, subtract(ARG119, ARG114)), ARG103)), ARG103)))))"
168,6.263196047344536,0.007401147499558787,0.007435585027026987,0.007711434721813647,0.027917484477076704,40226.5688905019,4002.4874699095467,402.3214330932045,3.0,23.0,31.0,35.0,53.0,9.915644204992432,29.8,0.0075726776998129,0.08702113363897818,0.4433848975097914,0.033949198280825654,27,"multiply(ARG49, add(add(add(subtract(ARG119, multiply(ARG49, ARG8)), ARG109), subtract(ARG119, ARG119)), multiply(ARG114, add(ARG103, add(add(ARG119, add(multiply(ARG49, ARG8), ARG10)), ARG103)))))"
169,6.1888905649211665,0.007401147499558787,0.007437686524257188,0.007745552701971992,0.02644133984882129,1.4960295738150653,0.16321569705524724,0.04321653104994815,3.0,21.0,31.0,35.0,55.0,10.675204916066013,28.0,0.0075726776998129,0.08702113363897818,0.4433848975097914,0.033949198280825654,27,"multiply(ARG49, add(add(add(subtract(ARG119, multiply(ARG49, ARG8)), ARG109), subtract(ARG119, ARG119)), multiply(ARG114, add(ARG103, add(add(ARG119, add(multiply(ARG49, ARG8), ARG10)), ARG103)))))"
170,6.3130251395305095,0.007387384114147071,0.007418851611265762,0.008102243079776033,0.02815913070064291,0.5833462208078978,0.06856543006682177,0.027565930476327147,3.0,23.0,31.0,35.0,63.0,10.303319853328828,28.96,0.007535986184188359,0.08681005808193172,0.44608183676159396,0.033949782269766665,33,"multiply(ARG49, add(add(add(subtract(ARG119, multiply(ARG49, ARG8)), ARG109), subtract(ARG119, ARG119)), multiply(ARG114, add(ARG49, add(add(add(add(ARG49, ARG103), ARG103), add(add(ARG119, subtract(ARG10, ARG114)), ARG103)), ARG103)))))"
171,6.284337102508289,0.007387384114147071,0.007424853646250878,0.00884323867333581,0.026879795777688835,0.42305228198031136,0.05783800905664945,0.028331802739417256,3.0,25.0,31.0,35.0,53.0,8.856432690423386,28.94,0.007535986184188359,0.08681005808193172,0.44608183676159396,0.033949782269766665,33,"multiply(ARG49, add(add(add(subtract(ARG119, multiply(ARG49, ARG8)), ARG109), subtract(ARG119, ARG119)), multiply(ARG114, add(ARG49, add(add(add(add(ARG49, ARG103), ARG103), add(add(ARG119, subtract(ARG10, ARG114)), ARG103)), ARG103)))))"
172,6.267113408226578,0.007387384114147071,0.007468138412205371,0.009649186819609468,0.024910160823923416,1.659238725876778,0.17710198646206193,0.0462707499948877,3.0,23.0,30.0,35.0,43.0,9.080330390464875,27.26,0.007535986184188359,0.08681005808193172,0.44608183676159396,0.033949782269766665,33,"multiply(ARG49, add(add(add(subtract(ARG119, multiply(ARG49, ARG8)), ARG109), subtract(ARG119, ARG119)), multiply(ARG114, add(ARG49, add(add(add(add(ARG49, ARG103), ARG103), add(add(ARG119, subtract(ARG10, ARG114)), ARG103)), ARG103)))))"
173,6.045818094884453,0.007387384114147071,0.00748761703072728,0.009899586982941402,0.02461467943883225,1.993823810695841,0.2043582003906829,0.04719772532658527,3.0,21.0,29.0,33.0,51.0,9.829832145057209,26.88,0.007535986184188359,0.08681005808193172,0.44608183676159396,0.033949782269766665,33,"multiply(ARG49, add(add(add(subtract(ARG119, multiply(ARG49, ARG8)), ARG109), subtract(ARG119, ARG119)), multiply(ARG114, add(ARG49, add(add(add(add(ARG49, ARG103), ARG103), add(add(ARG119, subtract(ARG10, ARG114)), ARG103)), ARG103)))))"
174,6.249431777756399,0.007387384114147071,0.0074411911843356065,0.008637946571581883,0.020296545715042344,1.3405046250255714,0.1372767102018269,0.0335548123738536,3.0,25.0,29.0,33.0,63.0,9.298627009844463,28.02970297029703,0.007535986184188359,0.08681005808193172,0.44608183676159396,0.033949782269766665,33,"multiply(ARG49, add(add(add(subtract(ARG119, multiply(ARG49, ARG8)), ARG109), subtract(ARG119, ARG119)), multiply(ARG114, add(ARG49, add(add(add(add(ARG49, ARG103), ARG103), add(add(ARG119, subtract(ARG10, ARG114)), ARG103)), ARG103)))))"
175,6.321648513345281,0.007384780852651757,0.007414511950923089,0.00835921693653856,0.03007505307984695,2.9838074647202735,0.29809980596476915,0.05873326601770543,3.0,23.0,29.0,33.0,53.0,10.513452947212334,27.89108910891089,0.007565520241394663,0.08697999908826548,0.4439109927179812,0.0338069082228442,35,"multiply(ARG49, add(add(add(subtract(ARG119, multiply(ARG49, ARG8)), ARG109), subtract(ARG119, ARG119)), multiply(ARG114, add(ARG49, add(add(add(add(ARG59, ARG103), ARG103), add(add(ARG119, subtract(ARG10, ARG114)), subtract(ARG119, ARG119))), ARG103)))))"
176,6.183076853016246,0.0073293767593673185,0.007423214341263979,0.007696540349896291,0.017736020302986776,191.45350163888818,19.046916897803026,1.939994750183009,3.0,22.5,29.0,33.0,57.0,9.791322688993557,27.5,0.007586297751677448,0.08709935563296349,0.4423837818060695,0.033073708631504245,33,"multiply(ARG49, add(add(add(subtract(ARG119, multiply(ARG49, ARG8)), ARG109), subtract(ARG119, add(subtract(ARG119, multiply(ARG37, ARG77)), multiply(ARG49, ARG8)))), multiply(ARG114, add(ARG49, add(add(ARG119, add(ARG119, ARG10)), ARG103)))))"
177,6.200134904756851,0.0073293767593673185,0.007401958464090881,0.007719844077405263,0.018453259432477293,0.7406203637775302,0.10220346764774858,0.0373451510850089,3.0,23.0,29.0,35.0,59.0,10.060198805192668,28.18,0.007586297751677448,0.08709935563296349,0.4423837818060695,0.033073708631504245,33,"multiply(ARG49, add(add(add(subtract(ARG119, multiply(ARG49, ARG8)), ARG109), subtract(ARG119, add(subtract(ARG119, multiply(ARG37, ARG77)), multiply(ARG49, ARG8)))), multiply(ARG114, add(ARG49, add(add(ARG119, add(ARG119, ARG10)), ARG103)))))"
178,6.198095110696158,0.0073293767593673185,0.007402291608423783,0.00775002762477089,0.027887180332627354,412.6020543932946,41.05121691159435,4.147851883498537,3.0,27.0,31.0,35.0,59.0,9.052270433432708,29.42,0.007586297751677448,0.08709935563296349,0.4423837818060695,0.033073708631504245,33,"multiply(ARG49, add(add(add(subtract(ARG119, multiply(ARG49, ARG8)), ARG109), subtract(ARG119, add(subtract(ARG119, multiply(ARG37, ARG77)), multiply(ARG49, ARG8)))), multiply(ARG114, add(ARG49, add(add(ARG119, add(ARG119, ARG10)), ARG103)))))"
179,6.884933074150467,0.007310689757685927,0.007402176521675406,0.008079384847594025,0.02752918114968543,33.241358148169375,4.600813603392517,0.7492091681474176,3.0,27.0,33.0,35.0,61.0,9.446063460018518,30.801980198019802,0.007563444643274195,0.0869680668019831,0.4440635555638265,0.033175771350846324,43,"multiply(ARG49, add(add(add(subtract(ARG119, multiply(ARG49, ARG8)), ARG109), subtract(ARG119, add(subtract(ARG119, multiply(ARG37, ARG77)), multiply(ARG49, ARG8)))), multiply(ARG114, add(ARG49, add(add(add(add(ARG59, ARG103), ARG103), add(add(ARG119, subtract(ARG10, ARG119)), subtract(ARG119, ARG119))), ARG103)))))"
180,6.461400447973574,0.007310689757685927,0.007418853956006948,0.00816229562627007,0.02209521957868881,1237.3979786039918,123.11111786891054,12.591455129884187,3.0,22.5,31.0,37.0,61.0,11.57611333738574,29.56,0.007563444643274195,0.0869680668019831,0.4440635555638265,0.033175771350846324,43,"multiply(ARG49, add(add(add(subtract(ARG119, multiply(ARG49, ARG8)), ARG109), subtract(ARG119, add(subtract(ARG119, multiply(ARG37, ARG77)), multiply(ARG49, ARG8)))), multiply(ARG114, add(ARG49, add(add(add(add(ARG59, ARG103), ARG103), add(add(ARG119, subtract(ARG10, ARG119)), subtract(ARG119, ARG119))), ARG103)))))"
181,6.511829211718577,0.007310689757685927,0.007403470559315911,0.007774543742216605,0.02304572513202776,10.386895197275493,1.0635756087169164,0.16553175690114402,3.0,23.0,31.0,37.0,57.0,11.805667574671025,30.04950495049505,0.007563444643274195,0.0869680668019831,0.4440635555638265,0.033175771350846324,43,"multiply(ARG49, add(add(add(subtract(ARG119, multiply(ARG49, ARG8)), ARG109), subtract(ARG119, add(subtract(ARG119, multiply(ARG37, ARG77)), multiply(ARG49, ARG8)))), multiply(ARG114, add(ARG49, add(add(add(add(ARG59, ARG103), ARG103), add(add(ARG119, subtract(ARG10, ARG119)), subtract(ARG119, ARG119))), ARG103)))))"
182,6.5374508693385,0.007310689757685927,0.007397394827876591,0.007999650187785654,0.019325052372099354,0.42783539071672166,0.05122738024843805,0.022720496984316375,3.0,23.0,33.0,39.0,57.0,11.96621911883616,31.64,0.007563444643274195,0.0869680668019831,0.4440635555638265,0.033175771350846324,43,"multiply(ARG49, add(add(add(subtract(ARG119, multiply(ARG49, ARG8)), ARG109), subtract(ARG119, add(subtract(ARG119, multiply(ARG37, ARG77)), multiply(ARG49, ARG8)))), multiply(ARG114, add(ARG49, add(add(add(add(ARG59, ARG103), ARG103), add(add(ARG119, subtract(ARG10, ARG119)), subtract(ARG119, ARG119))), ARG103)))))"
183,7.105012537034781,0.007310689757685927,0.00738342518140126,0.007605630143841416,0.019210306338723247,4.507401940366136,0.44843264267799093,0.07075372764654672,3.0,27.0,35.0,43.0,59.0,12.217998297744435,33.51485148514851,0.007563444643274195,0.0869680668019831,0.4440635555638265,0.033175771350846324,43,"multiply(ARG49, add(add(add(subtract(ARG119, multiply(ARG49, ARG8)), ARG109), subtract(ARG119, add(subtract(ARG119, multiply(ARG37, ARG77)), multiply(ARG49, ARG8)))), multiply(ARG114, add(ARG49, add(add(add(add(ARG59, ARG103), ARG103), add(add(ARG119, subtract(ARG10, ARG119)), subtract(ARG119, ARG119))), ARG103)))))"
184,7.19411598962688,0.007078521860559238,0.007343231129487414,0.007658186542102041,0.02246924073934954,3193.95168553861,316.22175895522327,31.74961405537146,3.0,29.0,39.0,45.0,61.0,12.286901331059202,36.227722772277225,0.007316954762755466,0.08553920015265204,0.4621813199196396,0.033436035958049684,45,"multiply(ARG49, add(add(add(subtract(ARG119, multiply(ARG49, ARG8)), ARG109), subtract(ARG119, add(subtract(ARG119, multiply(ARG37, ARG8)), multiply(ARG49, ARG8)))), multiply(ARG114, add(ARG49, add(add(add(ARG49, add(subtract(ARG119, multiply(ARG49, ARG49)), ARG10)), add(add(ARG119, ARG103), subtract(ARG119, ARG119))), ARG103)))))"
185,6.95507671640371,0.007078521860559238,0.007351806112869009,0.007517358332882276,0.014602797472466598,0.417325610081163,0.052319727555813884,0.019700950543815005,3.0,27.0,37.0,45.0,57.0,12.491581164928643,34.98,0.007316954762755466,0.08553920015265204,0.4621813199196396,0.033436035958049684,45,"multiply(ARG49, add(add(add(subtract(ARG119, multiply(ARG49, ARG8)), ARG109), subtract(ARG119, add(subtract(ARG119, multiply(ARG37, ARG8)), multiply(ARG49, ARG8)))), multiply(ARG114, add(ARG49, add(add(add(ARG49, add(subtract(ARG119, multiply(ARG49, ARG49)), ARG10)), add(add(ARG119, ARG103), subtract(ARG119, ARG119))), ARG103)))))"
186,7.477523558525718,0.007078521860559238,0.0073581255403991075,0.0075252547784732315,0.011817282389762939,5.4941832470575145,0.5486056836834592,0.08579625949855599,3.0,31.0,41.0,47.0,69.0,12.471255058141622,38.04950495049505,0.007316954762755466,0.08553920015265204,0.4621813199196396,0.033436035958049684,45,"multiply(ARG49, add(add(add(subtract(ARG119, multiply(ARG49, ARG8)), ARG109), subtract(ARG119, add(subtract(ARG119, multiply(ARG37, ARG8)), multiply(ARG49, ARG8)))), multiply(ARG114, add(ARG49, add(add(add(ARG49, add(subtract(ARG119, multiply(ARG49, ARG49)), ARG10)), add(add(ARG119, ARG103), subtract(ARG119, ARG119))), ARG103)))))"
187,7.690904744151339,0.0070747963552531,0.007352668866567715,0.007555416611743855,0.012402198793060575,27.816480855171694,2.766483364801581,0.29126518003460183,3.0,31.0,41.0,45.0,63.0,11.8012033284746,38.54,0.007322317801485858,0.08557054283739152,0.461787120077667,0.03343253325051526,45,"multiply(ARG49, add(add(add(subtract(ARG119, multiply(ARG49, ARG8)), ARG109), subtract(ARG119, add(subtract(ARG119, multiply(ARG37, ARG8)), multiply(ARG49, ARG8)))), multiply(ARG114, add(ARG49, add(add(add(ARG49, add(subtract(ARG119, multiply(ARG49, ARG49)), ARG10)), add(add(ARG59, ARG103), subtract(ARG119, ARG119))), ARG103)))))"
188,7.411137042170594,0.0070747963552531,0.007351978820094992,0.007660031172071436,0.012557669308933345,0.5020447962251352,0.05534967092110204,0.02137999368495864,7.0,29.0,41.0,45.0,57.0,10.384585863977293,38.10891089108911,0.007322317801485858,0.08557054283739152,0.461787120077667,0.03343253325051526,45,"multiply(ARG49, add(add(add(subtract(ARG119, multiply(ARG49, ARG8)), ARG109), subtract(ARG119, add(subtract(ARG119, multiply(ARG37, ARG8)), multiply(ARG49, ARG8)))), multiply(ARG114, add(ARG49, add(add(add(ARG49, add(subtract(ARG119, multiply(ARG49, ARG49)), ARG10)), add(add(ARG59, ARG103), subtract(ARG119, ARG119))), ARG103)))))"
189,7.139084526083025,0.007056538748288391,0.007311648332389167,0.007572772125184143,0.012814292221552583,401.68989807818724,39.810984153283194,4.257285677413651,3.0,27.0,39.0,47.0,57.0,12.559483017438533,36.10891089108911,0.007295865512676566,0.0854158387693791,0.46373144466539495,0.03349702440710817,45,"multiply(ARG49, add(add(add(subtract(ARG119, multiply(ARG49, ARG8)), ARG109), subtract(ARG119, add(subtract(ARG119, multiply(ARG37, ARG8)), multiply(ARG49, ARG8)))), multiply(ARG114, add(ARG49, add(add(add(ARG49, add(subtract(ARG77, multiply(ARG49, ARG49)), ARG10)), add(add(ARG59, ARG103), subtract(ARG119, ARG119))), ARG103)))))"
190,7.058930894043442,0.007056538748288391,0.00725080791086247,0.007657587237314955,0.013578573236845415,0.4009629757395266,0.04434529076228437,0.01769950742771052,3.0,25.0,37.0,45.0,57.0,12.287826788636412,34.86138613861386,0.007295865512676566,0.0854158387693791,0.46373144466539495,0.03349702440710817,45,"multiply(ARG49, add(add(add(subtract(ARG119, multiply(ARG49, ARG8)), ARG109), subtract(ARG119, add(subtract(ARG119, multiply(ARG37, ARG8)), multiply(ARG49, ARG8)))), multiply(ARG114, add(ARG49, add(add(add(ARG49, add(subtract(ARG77, multiply(ARG49, ARG49)), ARG10)), add(add(ARG59, ARG103), subtract(ARG119, ARG119))), ARG103)))))"
191,7.066760208217602,0.007056538748288391,0.007322282980688762,0.007787911499712894,0.016182689931087395,8.616268136379775,0.8573418691191417,0.11284949888018111,3.0,27.0,36.0,43.0,63.0,12.998015233103859,34.54,0.007295865512676566,0.0854158387693791,0.46373144466539495,0.03349702440710817,45,"multiply(ARG49, add(add(add(subtract(ARG119, multiply(ARG49, ARG8)), ARG109), subtract(ARG119, add(subtract(ARG119, multiply(ARG37, ARG8)), multiply(ARG49, ARG8)))), multiply(ARG114, add(ARG49, add(add(add(ARG49, add(subtract(ARG77, multiply(ARG49, ARG49)), ARG10)), add(add(ARG59, ARG103), subtract(ARG119, ARG119))), ARG103)))))"
192,6.920529430011811,0.007056538748288391,0.007314481073560928,0.008593285778979137,0.017819420558595707,0.41624422835937286,0.053072944042591406,0.02191880679362701,3.0,25.0,37.0,45.0,67.0,13.914021704740868,35.0,0.007295865512676566,0.0854158387693791,0.46373144466539495,0.03349702440710817,45,"multiply(ARG49, add(add(add(subtract(ARG119, multiply(ARG49, ARG8)), ARG109), subtract(ARG119, add(subtract(ARG119, multiply(ARG37, ARG8)), multiply(ARG49, ARG8)))), multiply(ARG114, add(ARG49, add(add(add(ARG49, add(subtract(ARG77, multiply(ARG49, ARG49)), ARG10)), add(add(ARG59, ARG103), subtract(ARG119, ARG119))), ARG103)))))"
193,7.175193178485642,0.007056538748288391,0.007303959472368156,0.008628776098354603,0.01893357933087735,11.56811316067568,1.1448448346663298,0.13656611532758817,3.0,29.0,37.0,45.0,65.0,12.134462165335416,36.227722772277225,0.007295865512676566,0.0854158387693791,0.46373144466539495,0.03349702440710817,45,"multiply(ARG49, add(add(add(subtract(ARG119, multiply(ARG49, ARG8)), ARG109), subtract(ARG119, add(subtract(ARG119, multiply(ARG37, ARG8)), multiply(ARG49, ARG8)))), multiply(ARG114, add(ARG49, add(add(add(ARG49, add(subtract(ARG77, multiply(ARG49, ARG49)), ARG10)), add(add(ARG59, ARG103), subtract(ARG119, ARG119))), ARG103)))))"
194,7.512757606891682,0.00704106269573568,0.007122890973320647,0.007665473554540168,0.014676005398498358,3.062361844488013,0.30538539407973025,0.04953811278373437,7.0,29.0,37.0,45.0,67.0,12.391673542306547,38.02970297029703,0.0072314126796769055,0.08503771327873831,0.4684689261307392,0.03342808943640538,45,"multiply(ARG49, add(add(add(subtract(ARG119, multiply(ARG49, ARG8)), ARG109), subtract(ARG119, add(subtract(ARG119, multiply(ARG37, ARG8)), multiply(ARG49, ARG8)))), multiply(ARG114, add(ARG49, add(add(add(ARG119, add(subtract(ARG119, multiply(ARG49, ARG49)), ARG10)), add(subtract(ARG10, ARG119), subtract(ARG119, ARG119))), ARG103)))))"
195,7.53791848223409,0.007040606489704577,0.007079908930070593,0.007467774587283775,0.009957351466149629,980.8275196885146,97.10561879561608,9.807876090315968,3.0,31.0,41.0,45.0,73.0,12.581131667380228,39.851485148514854,0.0072205006355912735,0.08497352902869972,0.46927099493359503,0.0334414292612406,43,"multiply(ARG49, add(add(add(subtract(ARG119, multiply(ARG49, ARG8)), ARG109), subtract(ARG119, add(subtract(ARG119, multiply(ARG37, ARG8)), multiply(ARG49, ARG8)))), multiply(ARG114, add(ARG49, add(add(add(ARG49, add(subtract(ARG77, multiply(ARG49, ARG49)), ARG10)), add(ARG119, subtract(ARG10, ARG119))), ARG103)))))"
196,7.920309996330616,0.007040606489704577,0.007076963044904865,0.007413276491540973,0.008784401653455868,0.5166474515908076,0.06757172048530505,0.020023116019373552,3.0,34.5,43.0,47.5,75.0,13.018448448259877,42.0,0.0072205006355912735,0.08497352902869972,0.46927099493359503,0.0334414292612406,43,"multiply(ARG49, add(add(add(subtract(ARG119, multiply(ARG49, ARG8)), ARG109), subtract(ARG119, add(subtract(ARG119, multiply(ARG37, ARG8)), multiply(ARG49, ARG8)))), multiply(ARG114, add(ARG49, add(add(add(ARG49, add(subtract(ARG77, multiply(ARG49, ARG49)), ARG10)), add(ARG119, subtract(ARG10, ARG119))), ARG103)))))"
197,8.259512350614386,0.006984891213268105,0.007069128576647579,0.007394425542890152,0.009153704478167182,0.46965544350647315,0.048235030898703485,0.016669594093642263,3.0,37.0,45.0,49.0,61.0,11.335072744803504,42.34653465346535,0.007144200904160964,0.08452337489807754,0.4748792598715187,0.034695420544320704,33,"multiply(ARG49, add(add(add(subtract(ARG119, multiply(ARG49, ARG8)), ARG109), subtract(ARG119, add(subtract(ARG119, multiply(ARG37, ARG8)), multiply(ARG49, ARG8)))), subtract(ARG119, add(subtract(ARG119, multiply(ARG37, ARG8)), multiply(ARG49, ARG8)))))"
198,7.770574255962856,0.006984891213268105,0.007057176864704093,0.007410929896043554,0.015621455830271481,0.492507310731584,0.054182100959193645,0.021060392461110945,3.0,33.0,43.0,47.0,69.0,11.81483812838754,40.36,0.007144200904160964,0.08452337489807754,0.4748792598715187,0.034695420544320704,33,"multiply(ARG49, add(add(add(subtract(ARG119, multiply(ARG49, ARG8)), ARG109), subtract(ARG119, add(subtract(ARG119, multiply(ARG37, ARG8)), multiply(ARG49, ARG8)))), subtract(ARG119, add(subtract(ARG119, multiply(ARG37, ARG8)), multiply(ARG49, ARG8)))))"
199,7.546872571929271,0.006984891213268105,0.007055714246722688,0.007391666193068485,0.014368092863394731,0.7575168284640844,0.10265410839747836,0.030283687409440766,3.0,33.0,41.0,45.0,71.0,12.886662560714857,38.28712871287129,0.007144200904160964,0.08452337489807754,0.4748792598715187,0.034695420544320704,33,"multiply(ARG49, add(add(add(subtract(ARG119, multiply(ARG49, ARG8)), ARG109), subtract(ARG119, add(subtract(ARG119, multiply(ARG37, ARG8)), multiply(ARG49, ARG8)))), subtract(ARG119, add(subtract(ARG119, multiply(ARG37, ARG8)), multiply(ARG49, ARG8)))))"
200,7.667256566644937,0.006984891213268105,0.007043604769705082,0.00743169303750269,0.01574082303479964,113.74773854638775,11.42189356961637,1.3245636082397518,3.0,33.0,43.0,47.0,63.0,12.169124865823344,39.18,0.007144200904160964,0.08452337489807754,0.4748792598715187,0.034695420544320704,33,"multiply(ARG49, add(add(add(subtract(ARG119, multiply(ARG49, ARG8)), ARG109), subtract(ARG119, add(subtract(ARG119, multiply(ARG37, ARG8)), multiply(ARG49, ARG8)))), subtract(ARG119, add(subtract(ARG119, multiply(ARG37, ARG8)), multiply(ARG49, ARG8)))))"
201,7.383069737792539,0.006984891213268105,0.007042897919999036,0.007386438018829765,0.015386407194088543,0.46311718315935047,0.05721314080014343,0.021678210356393557,3.0,31.0,41.0,45.0,69.0,12.051258038550754,38.06930693069307,0.007144200904160964,0.08452337489807754,0.4748792598715187,0.034695420544320704,37,"multiply(ARG49, add(add(add(subtract(ARG119, multiply(ARG49, add(ARG8, subtract(ARG119, ARG119)))), ARG109), subtract(ARG119, add(subtract(ARG119, multiply(ARG37, ARG8)), multiply(ARG49, ARG8)))), subtract(ARG119, add(subtract(ARG119, multiply(ARG37, ARG8)), multiply(ARG49, ARG8)))))"
202,7.713338778856269,0.006984891213268105,0.007041428455816799,0.008205234991899095,0.020309726794108526,9.679434961885498,0.9593971282182543,0.11761629238519526,3.0,37.0,43.0,47.0,61.0,11.125294566802166,40.00990099009901,0.007144200904160964,0.08452337489807754,0.4748792598715187,0.034695420544320704,37,"multiply(ARG49, add(add(add(subtract(ARG119, multiply(ARG49, add(ARG8, subtract(ARG119, ARG119)))), ARG109), subtract(ARG119, add(subtract(ARG119, multiply(ARG37, ARG8)), multiply(ARG49, ARG8)))), subtract(ARG119, add(subtract(ARG119, multiply(ARG37, ARG8)), multiply(ARG49, ARG8)))))"
203,7.74732652358216,0.006984891213268105,0.007061816761787623,0.00865339635933085,0.016433392996397116,1.9591828396088986,0.19453845907721837,0.03530441029129856,3.0,36.5,43.0,47.0,69.0,9.719650199467056,40.78,0.007144200904160964,0.08452337489807754,0.4748792598715187,0.034695420544320704,37,"multiply(ARG49, add(add(add(subtract(ARG119, multiply(ARG49, add(ARG8, subtract(ARG119, ARG119)))), ARG109), subtract(ARG119, add(subtract(ARG119, multiply(ARG37, ARG8)), multiply(ARG49, ARG8)))), subtract(ARG119, add(subtract(ARG119, multiply(ARG37, ARG8)), multiply(ARG49, ARG8)))))"
204,7.588541918667033,0.006896822329507417,0.007034150401898504,0.007367392917793092,0.011141393449646701,3.8120344918063522,0.383357872641553,0.05992189932326231,3.0,35.0,43.0,47.0,63.0,10.79353510208773,40.14,0.007089428386083902,0.08419874337591923,0.4789052084159634,0.03460137537405451,55,"multiply(ARG49, add(add(add(subtract(ARG119, multiply(ARG49, ARG8)), ARG109), subtract(ARG119, add(subtract(add(subtract(ARG119, multiply(ARG37, ARG8)), multiply(ARG49, ARG8)), multiply(ARG37, ARG8)), multiply(ARG49, ARG8)))), multiply(ARG114, add(ARG119, add(add(add(ARG49, add(subtract(ARG119, multiply(ARG114, ARG49)), ARG10)), add(subtract(ARG10, ARG119), subtract(multiply(ARG37, ARG8), ARG119))), ARG103)))))"
205,7.525581812333257,0.006893419065626624,0.007034473423869736,0.007345993765862847,0.012072622098242523,0.3403354767920971,0.04316201847422184,0.019319070363334606,5.0,34.5,42.0,47.0,61.0,11.52909363306587,38.8,0.007157546257639648,0.08460228281577069,0.47389833534405734,0.03344413120497161,51,"multiply(ARG49, add(add(add(subtract(ARG119, multiply(ARG49, ARG8)), subtract(ARG119, add(subtract(ARG119, multiply(ARG37, ARG8)), multiply(ARG49, ARG8)))), subtract(ARG119, add(subtract(ARG119, multiply(ARG37, ARG8)), multiply(ARG49, ARG8)))), multiply(ARG114, add(ARG49, add(add(add(ARG8, add(subtract(ARG119, ARG49), ARG119)), add(ARG8, subtract(ARG119, ARG119))), ARG103)))))"
206,7.83055791939114,0.006893419065626624,0.00704083890966649,0.0071846925237096715,0.011637732881101218,0.11788695209066767,0.018812097461957465,0.013779864269561327,7.0,37.0,43.0,47.0,57.0,8.799657780906736,41.43564356435643,0.007157546257639648,0.08460228281577069,0.47389833534405734,0.03344413120497161,51,"multiply(ARG49, add(add(add(subtract(ARG119, multiply(ARG49, ARG8)), subtract(ARG119, add(subtract(ARG119, multiply(ARG37, ARG8)), multiply(ARG49, ARG8)))), subtract(ARG119, add(subtract(ARG119, multiply(ARG37, ARG8)), multiply(ARG49, ARG8)))), multiply(ARG114, add(ARG49, add(add(add(ARG8, add(subtract(ARG119, ARG49), ARG119)), add(ARG8, subtract(ARG119, ARG119))), ARG103)))))"
207,7.8633195677357435,0.006893419065626624,0.007044979564236901,0.007334853143205387,0.012743044003366082,2.1172207850154443,0.2086181400468337,0.032352557216386725,3.0,35.0,43.0,47.0,63.0,10.760877777400092,40.366336633663366,0.007157546257639648,0.08460228281577069,0.47389833534405734,0.03344413120497161,51,"multiply(ARG49, add(add(add(subtract(ARG119, multiply(ARG49, ARG8)), subtract(ARG119, add(subtract(ARG119, multiply(ARG37, ARG8)), multiply(ARG49, ARG8)))), subtract(ARG119, add(subtract(ARG119, multiply(ARG37, ARG8)), multiply(ARG49, ARG8)))), multiply(ARG114, add(ARG49, add(add(add(ARG8, add(subtract(ARG119, ARG49), ARG119)), add(ARG8, subtract(ARG119, ARG119))), ARG103)))))"
208,7.938047979416297,0.006893419065626624,0.007036223003853866,0.007385020724157987,0.016196270740993966,1.1670608097308968,0.11499269559005296,0.0262374181178977,9.0,35.0,43.0,47.0,69.0,10.119761246662009,41.07920792079208,0.007157546257639648,0.08460228281577069,0.47389833534405734,0.03344413120497161,51,"multiply(ARG49, add(add(add(subtract(ARG119, multiply(ARG49, ARG8)), subtract(ARG119, add(subtract(ARG119, multiply(ARG37, ARG8)), multiply(ARG49, ARG8)))), subtract(ARG119, add(subtract(ARG119, multiply(ARG37, ARG8)), multiply(ARG49, ARG8)))), multiply(ARG114, add(ARG49, add(add(add(ARG8, add(subtract(ARG119, ARG49), ARG119)), add(ARG8, subtract(ARG119, ARG119))), ARG103)))))"
209,7.496129030419979,0.006893419065626624,0.007036223003853866,0.007332327876363544,0.016549952031949883,0.2735843214654812,0.03591396666929658,0.019761760689627164,3.0,31.0,43.0,47.0,61.0,12.936939359833142,38.66,0.007157546257639648,0.08460228281577069,0.47389833534405734,0.03344413120497161,51,"multiply(ARG49, add(add(add(subtract(ARG119, multiply(ARG49, ARG8)), subtract(ARG119, add(subtract(ARG119, multiply(ARG37, ARG8)), multiply(ARG49, ARG8)))), subtract(ARG119, add(subtract(ARG119, multiply(ARG37, ARG8)), multiply(ARG49, ARG8)))), multiply(ARG114, add(ARG49, add(add(add(ARG8, add(subtract(ARG119, ARG49), ARG119)), add(ARG8, subtract(ARG119, ARG119))), ARG103)))))"
210,7.4849524275741715,0.0068671978666430345,0.007048423473539238,0.007456746680525125,0.014557881141036089,5.604675890380627,0.5787179591276357,0.10281789161899343,3.0,31.0,43.0,47.0,63.0,12.957608486311845,39.31683168316832,0.007092096855097464,0.08421458813707673,0.47870906773596156,0.033445541661765554,53,"multiply(ARG49, add(add(add(subtract(ARG119, multiply(ARG49, ARG8)), subtract(ARG119, add(subtract(ARG119, multiply(ARG37, ARG8)), multiply(ARG49, ARG8)))), subtract(ARG119, add(subtract(ARG119, multiply(ARG37, ARG8)), multiply(ARG49, ARG8)))), multiply(ARG114, add(ARG49, add(add(add(ARG119, add(multiply(subtract(ARG3, ARG0), ARG8), ARG10)), add(ARG8, subtract(ARG119, ARG119))), ARG103)))))"
211,8.077784545152099,0.006849871720907543,0.007019531941985862,0.00739898896046362,0.01825597331954173,0.6258248321511506,0.06849003602562459,0.026464783168814753,5.0,35.0,45.0,51.0,69.0,12.307213461460808,41.67326732673267,0.00703765244027644,0.08389071724735961,0.4827108996819287,0.03337326027725694,69,"multiply(ARG49, add(add(add(subtract(ARG119, multiply(ARG49, ARG8)), subtract(ARG119, add(subtract(ARG119, multiply(ARG37, ARG8)), multiply(ARG49, ARG8)))), subtract(ARG119, add(subtract(ARG119, multiply(ARG37, ARG8)), multiply(ARG49, ARG8)))), multiply(ARG114, add(add(add(add(ARG49, add(ARG37, ARG10)), add(subtract(ARG10, ARG119), subtract(multiply(ARG37, ARG8), ARG119))), ARG75), add(add(add(ARG119, add(multiply(subtract(ARG3, ARG0), ARG8), ARG10)), add(ARG8, subtract(ARG119, ARG119))), ARG103)))))"
212,7.97103503823746,0.006849871720907543,0.006947487554198989,0.007853715788936382,0.01778361303466102,0.43359861649970555,0.05852052943116544,0.02451982423943756,7.0,35.0,43.0,51.0,69.0,11.45003166694322,42.18811881188119,0.00703765244027644,0.08389071724735961,0.4827108996819287,0.03337326027725694,69,"multiply(ARG49, add(add(add(subtract(ARG119, multiply(ARG49, ARG8)), subtract(ARG119, add(subtract(ARG119, multiply(ARG37, ARG8)), multiply(ARG49, ARG8)))), subtract(ARG119, add(subtract(ARG119, multiply(ARG37, ARG8)), multiply(ARG49, ARG8)))), multiply(ARG114, add(add(add(add(ARG49, add(ARG37, ARG10)), add(subtract(ARG10, ARG119), subtract(multiply(ARG37, ARG8), ARG119))), ARG75), add(add(add(ARG119, add(multiply(subtract(ARG3, ARG0), ARG8), ARG10)), add(ARG8, subtract(ARG119, ARG119))), ARG103)))))"
213,7.815004596439394,0.006843605367157368,0.007042134852297825,0.009754437713249072,0.020329294700369108,0.4043478282216676,0.052387739596138544,0.022849753634934394,3.0,33.0,43.0,53.0,69.0,13.59832416714967,42.40594059405941,0.007073048619499852,0.08410141865331316,0.48010917163972133,0.033471182467375085,69,"multiply(ARG49, add(add(add(subtract(ARG119, multiply(ARG49, ARG8)), subtract(ARG119, add(subtract(ARG119, multiply(ARG37, ARG8)), multiply(ARG49, ARG8)))), subtract(ARG119, add(subtract(ARG119, multiply(ARG37, ARG8)), multiply(ARG49, ARG8)))), multiply(ARG114, add(add(add(add(ARG49, add(ARG37, ARG37)), add(subtract(ARG10, ARG119), subtract(multiply(ARG37, ARG8), ARG119))), ARG75), add(add(add(ARG119, add(multiply(subtract(ARG3, ARG0), ARG8), ARG10)), add(ARG8, subtract(ARG119, ARG119))), ARG103)))))"
214,7.815846755027451,0.006843510564019543,0.006951270971708143,0.00845518317552087,0.017503787639221852,0.5131793259146186,0.0552083255877203,0.022360475724968368,3.0,35.0,43.0,51.5,93.0,15.85780564895408,42.3,0.007089088333311631,0.08419672400581647,0.47893020334063774,0.033453325407011944,69,"multiply(ARG49, add(add(add(subtract(ARG119, multiply(ARG49, ARG8)), subtract(ARG119, add(subtract(ARG119, multiply(ARG37, ARG8)), multiply(ARG49, ARG8)))), subtract(ARG119, add(subtract(ARG119, multiply(ARG37, ARG8)), multiply(ARG49, ARG8)))), multiply(ARG114, add(add(add(add(ARG49, add(ARG37, ARG10)), add(subtract(ARG114, ARG119), subtract(multiply(ARG37, ARG8), ARG119))), ARG75), add(add(add(ARG119, add(multiply(subtract(ARG3, ARG0), ARG8), ARG10)), add(ARG8, subtract(ARG119, ARG119))), ARG103)))))"
215,8.254695624702435,0.006843510564019543,0.0069348535767267735,0.0074599685981319285,0.016858398979171633,0.7182559804027178,0.08426460115229145,0.02639314599373127,3.0,35.0,47.0,53.0,81.0,16.77249932638435,44.00990099009901,0.007089088333311631,0.08419672400581647,0.47893020334063774,0.033453325407011944,69,"multiply(ARG49, add(add(add(subtract(ARG119, multiply(ARG49, ARG8)), subtract(ARG119, add(subtract(ARG119, multiply(ARG37, ARG8)), multiply(ARG49, ARG8)))), subtract(ARG119, add(subtract(ARG119, multiply(ARG37, ARG8)), multiply(ARG49, ARG8)))), multiply(ARG114, add(add(add(add(ARG49, add(ARG37, ARG10)), add(subtract(ARG114, ARG119), subtract(multiply(ARG37, ARG8), ARG119))), ARG75), add(add(add(ARG119, add(multiply(subtract(ARG3, ARG0), ARG8), ARG10)), add(ARG8, subtract(ARG119, ARG119))), ARG103)))))"
216,8.520110769895837,0.006843173493984979,0.0069622328747405305,0.007774543742216605,0.017147124580243082,2.316602423680742,0.258040231677001,0.05630602827522169,3.0,35.0,46.0,60.0,77.0,18.5167599757625,46.36,0.007072091813114677,0.08409573005280754,0.4801794998519151,0.03346978817740534,69,"multiply(ARG49, add(add(add(subtract(ARG119, multiply(ARG49, ARG8)), subtract(ARG119, add(subtract(ARG119, multiply(ARG37, ARG8)), multiply(ARG49, ARG8)))), subtract(ARG119, add(subtract(ARG119, multiply(ARG37, ARG8)), multiply(ARG49, ARG8)))), multiply(ARG114, add(add(add(add(ARG49, add(ARG37, ARG37)), add(subtract(ARG10, ARG119), subtract(multiply(ARG8, ARG8), ARG119))), ARG75), add(add(add(ARG119, add(multiply(subtract(ARG3, ARG0), ARG8), ARG10)), add(ARG8, subtract(ARG119, ARG119))), ARG103)))))"
217,8.62481564439804,0.006843173493984979,0.0068633315237188516,0.007517887463220293,0.014983100118656147,0.2471254901761062,0.03030713673977909,0.01613186809739792,3.0,33.0,49.0,67.0,75.0,18.787857781024424,47.58,0.007072091813114677,0.08409573005280754,0.4801794998519151,0.03346978817740534,69,"multiply(ARG49, add(add(add(subtract(ARG119, multiply(ARG49, ARG8)), subtract(ARG119, add(subtract(ARG119, multiply(ARG37, ARG8)), multiply(ARG49, ARG8)))), subtract(ARG119, add(subtract(ARG119, multiply(ARG37, ARG8)), multiply(ARG49, ARG8)))), multiply(ARG114, add(add(add(add(ARG49, add(ARG37, ARG37)), add(subtract(ARG10, ARG119), subtract(multiply(ARG8, ARG8), ARG119))), ARG75), add(add(add(ARG119, add(multiply(subtract(ARG3, ARG0), ARG8), ARG10)), add(ARG8, subtract(ARG119, ARG119))), ARG103)))))"
218,9.28381854456893,0.0068303564416288326,0.006867782122314918,0.007353381041620833,0.017353350365458514,0.8257624914256373,0.11486301046038609,0.03347063673838513,3.0,39.0,55.0,69.0,113.0,20.199980491128606,53.01980198019802,0.007032218202040503,0.0838583221990549,0.4831103329065497,0.03315221318359749,71,"multiply(ARG49, add(add(add(subtract(ARG119, multiply(ARG49, ARG8)), subtract(ARG119, add(subtract(ARG119, multiply(ARG37, ARG8)), multiply(ARG49, ARG8)))), subtract(ARG119, add(subtract(ARG119, multiply(ARG37, ARG8)), multiply(ARG49, ARG8)))), multiply(ARG114, add(add(add(add(ARG49, add(ARG37, ARG37)), add(subtract(ARG10, ARG119), subtract(multiply(ARG8, ARG8), ARG119))), ARG75), add(add(add(ARG119, add(multiply(subtract(ARG3, ARG0), ARG8), ARG10)), add(ARG8, subtract(subtract(ARG100, ARG111), ARG119))), ARG103)))))"
219,8.945466602533998,0.006686539599103563,0.006857078683072923,0.007632537111480946,0.018423223047812,0.9513726568793657,0.11484857807041353,0.03420221454226801,1.0,37.0,55.0,69.0,81.0,20.65405529187912,51.1,0.006979715443265729,0.083544691293138,0.4869694471610969,0.03155744626278008,67,"multiply(ARG49, add(add(add(subtract(ARG119, multiply(subtract(add(subtract(ARG119, multiply(ARG10, ARG8)), multiply(ARG49, ARG8)), multiply(ARG37, ARG8)), ARG8)), subtract(ARG119, add(subtract(ARG119, multiply(ARG37, ARG8)), multiply(ARG49, ARG8)))), subtract(ARG119, add(subtract(ARG119, multiply(ARG37, ARG8)), multiply(ARG49, ARG8)))), multiply(ARG114, add(add(ARG8, ARG119), add(add(add(ARG119, add(multiply(subtract(ARG3, ARG0), ARG8), ARG10)), add(ARG8, subtract(ARG119, ARG119))), ARG103)))))"
220,9.817171895410866,0.006686539599103563,0.006859054188662539,0.007183619389224647,0.014472981946770281,0.6018446645694308,0.059340338370717303,0.018404100236163047,3.0,49.0,63.0,67.0,75.0,15.930739220530162,56.20792079207921,0.006979715443265729,0.083544691293138,0.4869694471610969,0.03155744626278008,67,"multiply(ARG49, add(add(add(subtract(ARG119, multiply(subtract(add(subtract(ARG119, multiply(ARG10, ARG8)), multiply(ARG49, ARG8)), multiply(ARG37, ARG8)), ARG8)), subtract(ARG119, add(subtract(ARG119, multiply(ARG37, ARG8)), multiply(ARG49, ARG8)))), subtract(ARG119, add(subtract(ARG119, multiply(ARG37, ARG8)), multiply(ARG49, ARG8)))), multiply(ARG114, add(add(ARG8, ARG119), add(add(add(ARG119, add(multiply(subtract(ARG3, ARG0), ARG8), ARG10)), add(ARG8, subtract(ARG119, ARG119))), ARG103)))))"
221,9.769616261430201,0.006686539599103563,0.006849191010639358,0.007143958304177843,0.014774106468788992,0.5152334021392758,0.06920436219870109,0.024284155259707903,3.0,50.5,65.0,69.0,79.0,18.222305013362057,57.26,0.006979715443265729,0.083544691293138,0.4869694471610969,0.03155744626278008,67,"multiply(ARG49, add(add(add(subtract(ARG119, multiply(subtract(add(subtract(ARG119, multiply(ARG10, ARG8)), multiply(ARG49, ARG8)), multiply(ARG37, ARG8)), ARG8)), subtract(ARG119, add(subtract(ARG119, multiply(ARG37, ARG8)), multiply(ARG49, ARG8)))), subtract(ARG119, add(subtract(ARG119, multiply(ARG37, ARG8)), multiply(ARG49, ARG8)))), multiply(ARG114, add(add(ARG8, ARG119), add(add(add(ARG119, add(multiply(subtract(ARG3, ARG0), ARG8), ARG10)), add(ARG8, subtract(ARG119, ARG119))), ARG103)))))"
222,9.807306487095047,0.006686539599103563,0.006866538026827336,0.00802019717784657,0.016637252028776205,0.40734790619512246,0.051554067492212405,0.021624862388475927,3.0,51.0,67.0,69.0,79.0,19.131398044526797,57.45544554455446,0.006979715443265729,0.083544691293138,0.4869694471610969,0.03155744626278008,67,"multiply(ARG49, add(add(add(subtract(ARG119, multiply(subtract(add(subtract(ARG119, multiply(ARG10, ARG8)), multiply(ARG49, ARG8)), multiply(ARG37, ARG8)), ARG8)), subtract(ARG119, add(subtract(ARG119, multiply(ARG37, ARG8)), multiply(ARG49, ARG8)))), subtract(ARG119, add(subtract(ARG119, multiply(ARG37, ARG8)), multiply(ARG49, ARG8)))), multiply(ARG114, add(add(ARG8, ARG119), add(add(add(ARG119, add(multiply(subtract(ARG3, ARG0), ARG8), ARG10)), add(ARG8, subtract(ARG119, ARG119))), ARG103)))))"
223,9.758382452138903,0.006686539599103563,0.006880918324240336,0.007678197855552114,0.018720940911181823,1.9422776345850057,0.19214872622033516,0.036150302122580746,3.0,53.0,65.0,71.0,85.0,19.062427431839772,58.00990099009901,0.006979715443265729,0.083544691293138,0.4869694471610969,0.03155744626278008,67,"multiply(ARG49, add(add(add(subtract(ARG119, multiply(subtract(add(subtract(ARG119, multiply(ARG10, ARG8)), multiply(ARG49, ARG8)), multiply(ARG37, ARG8)), ARG8)), subtract(ARG119, add(subtract(ARG119, multiply(ARG37, ARG8)), multiply(ARG49, ARG8)))), subtract(ARG119, add(subtract(ARG119, multiply(ARG37, ARG8)), multiply(ARG49, ARG8)))), multiply(ARG114, add(add(ARG8, ARG119), add(add(add(ARG119, add(multiply(subtract(ARG3, ARG0), ARG8), ARG10)), add(ARG8, subtract(ARG119, ARG119))), ARG103)))))"
224,10.69317507165033,0.006686068449745089,0.006903440360168333,0.007650441976553661,0.017297131136110734,1320.3426067404298,130.72424539013002,13.100473709513063,3.0,59.0,67.0,71.0,81.0,14.917608574559337,61.198019801980195,0.006975914793040002,0.08352194198556451,0.4872488066424828,0.03156949422777626,63,"multiply(ARG49, add(add(add(subtract(ARG119, multiply(subtract(add(subtract(ARG119, multiply(ARG10, ARG8)), multiply(ARG49, ARG8)), multiply(ARG37, ARG8)), ARG8)), subtract(ARG119, add(subtract(ARG119, multiply(ARG37, ARG8)), multiply(ARG49, ARG8)))), subtract(ARG119, add(subtract(ARG119, multiply(ARG37, ARG8)), multiply(ARG49, ARG8)))), multiply(ARG114, add(add(ARG8, ARG119), add(add(add(ARG119, add(ARG8, ARG10)), add(ARG8, multiply(ARG37, ARG8))), ARG103)))))"
225,10.20472878167493,0.006686068449745089,0.006853799405690218,0.007497614106050625,0.016563472885846496,2.51629998087711,0.2940160616565513,0.05561886822273119,3.0,59.0,67.0,71.0,81.0,15.512674631036743,61.554455445544555,0.006975914793040002,0.08352194198556451,0.4872488066424828,0.03156949422777626,63,"multiply(ARG49, add(add(add(subtract(ARG119, multiply(subtract(add(subtract(ARG119, multiply(ARG10, ARG8)), multiply(ARG49, ARG8)), multiply(ARG37, ARG8)), ARG8)), subtract(ARG119, add(subtract(ARG119, multiply(ARG37, ARG8)), multiply(ARG49, ARG8)))), subtract(ARG119, add(subtract(ARG119, multiply(ARG37, ARG8)), multiply(ARG49, ARG8)))), multiply(ARG114, add(add(ARG8, ARG119), add(add(add(ARG119, add(ARG8, ARG10)), add(ARG8, multiply(ARG37, ARG8))), ARG103)))))"
226,10.201646748766507,0.0066835634924175815,0.0068303564416288326,0.00736450553688683,0.012031604165533914,0.3728292669648944,0.03937047127717427,0.016279402759890396,3.0,53.0,65.0,71.0,79.0,14.095588638185893,60.504950495049506,0.006954375482132938,0.08339289827157309,0.48883201224337613,0.03172602410129917,63,"multiply(ARG49, add(add(add(subtract(ARG119, multiply(subtract(add(subtract(ARG119, multiply(ARG10, ARG8)), multiply(ARG49, ARG8)), multiply(ARG37, ARG8)), ARG8)), subtract(ARG119, add(subtract(ARG119, multiply(ARG37, ARG8)), multiply(ARG49, ARG8)))), subtract(ARG119, add(subtract(ARG119, multiply(ARG37, ARG8)), multiply(ARG49, ARG8)))), multiply(ARG114, add(add(ARG8, ARG119), add(add(add(ARG0, add(ARG8, ARG10)), add(ARG8, subtract(ARG119, ARG119))), ARG103)))))"
227,10.313243434778997,0.006683159269103206,0.006773138664589388,0.007181042996502505,0.00979769150664256,1.8461340045546966,0.18995292868887478,0.036939707526321613,5.0,55.0,65.0,69.0,91.0,12.89370388988362,61.18,0.006967023078653933,0.08346869520157801,0.48790237499842093,0.03207316160128511,91,"multiply(ARG49, add(add(add(subtract(ARG119, multiply(subtract(add(subtract(ARG119, multiply(ARG10, ARG8)), multiply(subtract(ARG119, ARG119), ARG8)), multiply(ARG37, ARG8)), ARG8)), subtract(ARG119, add(subtract(ARG119, multiply(ARG37, ARG8)), multiply(ARG49, ARG8)))), subtract(ARG119, add(subtract(ARG119, multiply(ARG37, ARG8)), multiply(ARG49, ARG8)))), multiply(ARG114, add(add(add(subtract(ARG119, multiply(ARG8, ARG8)), subtract(ARG119, add(subtract(ARG119, multiply(ARG37, ARG8)), multiply(ARG49, ARG8)))), subtract(ARG119, add(subtract(ARG119, multiply(ARG37, ARG8)), multiply(ARG49, ARG8)))), add(add(add(ARG119, add(ARG8, ARG10)), add(ARG8, subtract(ARG119, ARG119))), ARG103)))))"
228,10.136883074006619,0.006683159269103206,0.006837172020272183,0.007265175112772453,0.016383254270212446,5.422662599617026,0.555483766875097,0.08065619060406991,3.0,51.0,63.0,69.0,93.0,13.633343395944731,60.28712871287129,0.006967023078653933,0.08346869520157801,0.48790237499842093,0.03207316160128511,91,"multiply(ARG49, add(add(add(subtract(ARG119, multiply(subtract(add(subtract(ARG119, multiply(ARG10, ARG8)), multiply(subtract(ARG119, ARG119), ARG8)), multiply(ARG37, ARG8)), ARG8)), subtract(ARG119, add(subtract(ARG119, multiply(ARG37, ARG8)), multiply(ARG49, ARG8)))), subtract(ARG119, add(subtract(ARG119, multiply(ARG37, ARG8)), multiply(ARG49, ARG8)))), multiply(ARG114, add(add(add(subtract(ARG119, multiply(ARG8, ARG8)), subtract(ARG119, add(subtract(ARG119, multiply(ARG37, ARG8)), multiply(ARG49, ARG8)))), subtract(ARG119, add(subtract(ARG119, multiply(ARG37, ARG8)), multiply(ARG49, ARG8)))), add(add(add(ARG119, add(ARG8, ARG10)), add(ARG8, subtract(ARG119, ARG119))), ARG103)))))"
229,9.981780173555308,0.006683159269103206,0.00676917856585442,0.007189227316071148,0.012296898776545414,0.21974041731231092,0.026449032591348023,0.015340938630467895,3.0,51.0,63.0,69.0,91.0,15.61633759880978,59.3,0.006967023078653933,0.08346869520157801,0.48790237499842093,0.03207316160128511,91,"multiply(ARG49, add(add(add(subtract(ARG119, multiply(subtract(add(subtract(ARG119, multiply(ARG10, ARG8)), multiply(subtract(ARG119, ARG119), ARG8)), multiply(ARG37, ARG8)), ARG8)), subtract(ARG119, add(subtract(ARG119, multiply(ARG37, ARG8)), multiply(ARG49, ARG8)))), subtract(ARG119, add(subtract(ARG119, multiply(ARG37, ARG8)), multiply(ARG49, ARG8)))), multiply(ARG114, add(add(add(subtract(ARG119, multiply(ARG8, ARG8)), subtract(ARG119, add(subtract(ARG119, multiply(ARG37, ARG8)), multiply(ARG49, ARG8)))), subtract(ARG119, add(subtract(ARG119, multiply(ARG37, ARG8)), multiply(ARG49, ARG8)))), add(add(add(ARG119, add(ARG8, ARG10)), add(ARG8, subtract(ARG119, ARG119))), ARG103)))))"
230,9.736276287218061,0.006678709587034069,0.006806109681772536,0.007267028341446058,0.011176562467074807,7910.052359915788,787.038236607059,79.1208042439277,3.0,55.0,63.0,69.0,95.0,19.05464772699826,58.02,0.0069613252817236045,0.08343455687977018,0.48832118059771656,0.031960097260502265,95,"multiply(ARG49, add(add(add(subtract(ARG119, multiply(subtract(add(subtract(ARG119, multiply(ARG10, ARG8)), multiply(subtract(ARG119, ARG119), ARG8)), multiply(ARG37, ARG8)), ARG8)), subtract(ARG119, add(subtract(ARG119, multiply(ARG37, ARG8)), multiply(ARG49, ARG8)))), subtract(ARG119, add(subtract(ARG119, multiply(ARG37, ARG8)), multiply(ARG49, ARG8)))), multiply(ARG114, add(add(add(subtract(ARG119, multiply(ARG8, ARG8)), subtract(ARG119, add(subtract(ARG119, multiply(ARG37, ARG8)), multiply(ARG49, ARG8)))), subtract(ARG119, add(subtract(ARG119, multiply(ARG37, ARG8)), multiply(ARG49, subtract(ARG119, multiply(ARG10, ARG8)))))), add(add(add(ARG119, add(ARG8, ARG10)), add(ARG8, subtract(ARG119, ARG119))), ARG103)))))"
231,10.135462874153745,0.006678709587034069,0.006717854426834671,0.007163507702111235,0.011971887168508822,35964.53640345589,3578.4248266011805,359.6589330435052,3.0,54.5,63.0,69.0,95.0,17.80094379520367,60.92,0.0069613252817236045,0.08343455687977018,0.48832118059771656,0.031960097260502265,95,"multiply(ARG49, add(add(add(subtract(ARG119, multiply(subtract(add(subtract(ARG119, multiply(ARG10, ARG8)), multiply(subtract(ARG119, ARG119), ARG8)), multiply(ARG37, ARG8)), ARG8)), subtract(ARG119, add(subtract(ARG119, multiply(ARG37, ARG8)), multiply(ARG49, ARG8)))), subtract(ARG119, add(subtract(ARG119, multiply(ARG37, ARG8)), multiply(ARG49, ARG8)))), multiply(ARG114, add(add(add(subtract(ARG119, multiply(ARG8, ARG8)), subtract(ARG119, add(subtract(ARG119, multiply(ARG37, ARG8)), multiply(ARG49, ARG8)))), subtract(ARG119, add(subtract(ARG119, multiply(ARG37, ARG8)), multiply(ARG49, subtract(ARG119, multiply(ARG10, ARG8)))))), add(add(add(ARG119, add(ARG8, ARG10)), add(ARG8, subtract(ARG119, ARG119))), ARG103)))))"
232,10.363320136952098,0.006678292478325334,0.006714834881435102,0.007339128593965607,0.014023427692747342,0.14172621849937783,0.017651537877843737,0.014044774491869466,3.0,55.0,63.0,71.0,97.0,19.663495956419215,63.01980198019802,0.006975228019969106,0.08351783055114104,0.487299286575526,0.031455264756506854,61,"multiply(ARG49, add(add(add(subtract(ARG119, multiply(subtract(add(subtract(ARG119, multiply(ARG10, ARG8)), multiply(ARG49, ARG8)), multiply(ARG37, ARG8)), ARG8)), subtract(ARG119, add(subtract(ARG119, multiply(ARG37, ARG8)), multiply(ARG49, ARG8)))), subtract(ARG119, add(subtract(ARG119, multiply(ARG37, ARG8)), multiply(ARG49, ARG8)))), multiply(ARG114, add(add(ARG8, ARG119), add(add(add(ARG0, add(ARG8, ARG10)), add(ARG8, ARG37)), ARG103)))))"
233,10.303086302046722,0.006678292478325334,0.006714460368126043,0.007288457704031619,0.012983904061969562,0.5648379889665068,0.06419786686315787,0.02220527955302522,3.0,53.0,63.0,71.5,95.0,20.67214551032379,62.68,0.006975228019969106,0.08351783055114104,0.487299286575526,0.031455264756506854,61,"multiply(ARG49, add(add(add(subtract(ARG119, multiply(subtract(add(subtract(ARG119, multiply(ARG10, ARG8)), multiply(ARG49, ARG8)), multiply(ARG37, ARG8)), ARG8)), subtract(ARG119, add(subtract(ARG119, multiply(ARG37, ARG8)), multiply(ARG49, ARG8)))), subtract(ARG119, add(subtract(ARG119, multiply(ARG37, ARG8)), multiply(ARG49, ARG8)))), multiply(ARG114, add(add(ARG8, ARG119), add(add(add(ARG0, add(ARG8, ARG10)), add(ARG8, ARG37)), ARG103)))))"
234,10.801601780516648,0.006666710366697868,0.006721372663440734,0.007318135249183711,0.012474981566628985,0.2700411848193591,0.02680863755924512,0.013590038807908322,19.0,53.0,63.0,79.0,99.0,18.76596919959105,64.72,0.006904061885568535,0.0830906847099513,0.4925302163421771,0.031715116832692625,63,"multiply(ARG49, add(add(add(subtract(ARG119, multiply(subtract(add(subtract(ARG119, multiply(ARG10, ARG8)), multiply(ARG49, ARG8)), multiply(ARG37, ARG8)), ARG8)), subtract(ARG119, add(subtract(ARG119, multiply(ARG37, ARG8)), multiply(ARG49, ARG8)))), subtract(ARG119, add(subtract(ARG119, multiply(ARG37, ARG8)), multiply(ARG49, ARG8)))), multiply(ARG114, add(add(ARG8, ARG119), add(add(add(ARG0, add(ARG8, ARG10)), add(ARG8, subtract(ARG10, ARG119))), ARG103)))))"
235,10.946155925987114,0.006666373401531029,0.00681799269289978,0.007366504568652409,0.014619867390057899,0.25192330529376955,0.02635584815004878,0.014767677704309751,9.0,54.5,67.0,85.5,103.0,19.572174125528313,67.3,0.0069061153048496325,0.08310304028643978,0.4923792837092418,0.03160063027393992,73,"multiply(ARG49, add(add(add(subtract(ARG119, multiply(subtract(add(subtract(ARG119, multiply(ARG10, ARG8)), multiply(ARG49, ARG8)), multiply(ARG37, ARG8)), ARG8)), subtract(ARG119, add(subtract(ARG119, multiply(ARG37, ARG8)), multiply(multiply(ARG49, subtract(ARG119, multiply(ARG37, ARG8))), ARG8)))), subtract(ARG119, add(subtract(ARG119, multiply(ARG37, ARG8)), multiply(ARG49, ARG8)))), multiply(ARG114, add(add(ARG8, ARG119), add(add(add(ARG0, add(ARG8, ARG10)), add(multiply(ARG37, ARG87), subtract(ARG119, ARG119))), multiply(ARG37, ARG8))))))"
236,11.287942531715089,0.006666373401531029,0.0067102181206374996,0.0073221491089096,0.013345078434747859,0.3477907165072201,0.04615979265152003,0.018380566628439555,3.0,55.0,71.0,89.0,109.0,21.96620730366348,70.38613861386139,0.0069061153048496325,0.08310304028643978,0.4923792837092418,0.03160063027393992,73,"multiply(ARG49, add(add(add(subtract(ARG119, multiply(subtract(add(subtract(ARG119, multiply(ARG10, ARG8)), multiply(ARG49, ARG8)), multiply(ARG37, ARG8)), ARG8)), subtract(ARG119, add(subtract(ARG119, multiply(ARG37, ARG8)), multiply(multiply(ARG49, subtract(ARG119, multiply(ARG37, ARG8))), ARG8)))), subtract(ARG119, add(subtract(ARG119, multiply(ARG37, ARG8)), multiply(ARG49, ARG8)))), multiply(ARG114, add(add(ARG8, ARG119), add(add(add(ARG0, add(ARG8, ARG10)), add(multiply(ARG37, ARG87), subtract(ARG119, ARG119))), multiply(ARG37, ARG8))))))"
237,11.70100182434544,0.006519799481812572,0.006681846465242281,0.007029502750157604,0.010801247118002146,0.31085549482135616,0.03403477316995266,0.01502516522851103,3.0,61.0,75.0,93.0,115.0,22.97483737988356,72.60396039603961,0.006826975749174706,0.08262551512199307,0.49819628446369313,0.03215936155138633,69,"multiply(ARG49, add(add(add(subtract(ARG119, multiply(subtract(add(subtract(ARG119, multiply(ARG10, ARG8)), multiply(ARG49, ARG8)), multiply(ARG37, ARG8)), ARG8)), subtract(ARG119, add(subtract(ARG119, multiply(ARG37, ARG8)), multiply(ARG49, ARG8)))), subtract(ARG119, add(subtract(add(subtract(ARG119, multiply(ARG37, ARG8)), multiply(ARG49, ARG8)), multiply(ARG37, ARG8)), multiply(ARG49, ARG8)))), multiply(ARG114, add(add(ARG8, ARG119), add(add(add(ARG0, add(ARG8, ARG10)), add(ARG8, ARG37)), ARG103)))))"
238,12.42119342325168,0.006519799481812572,0.006683088869664668,0.006995857787998989,0.010818071709335268,8.29292489371938,0.8248308101286592,0.09804883894767738,35.0,63.0,81.0,95.0,107.0,16.728371110182845,78.96,0.006826975749174706,0.08262551512199307,0.49819628446369313,0.03215936155138633,69,"multiply(ARG49, add(add(add(subtract(ARG119, multiply(subtract(add(subtract(ARG119, multiply(ARG10, ARG8)), multiply(ARG49, ARG8)), multiply(ARG37, ARG8)), ARG8)), subtract(ARG119, add(subtract(ARG119, multiply(ARG37, ARG8)), multiply(ARG49, ARG8)))), subtract(ARG119, add(subtract(add(subtract(ARG119, multiply(ARG37, ARG8)), multiply(ARG49, ARG8)), multiply(ARG37, ARG8)), multiply(ARG49, ARG8)))), multiply(ARG114, add(add(ARG8, ARG119), add(add(add(ARG0, add(ARG8, ARG10)), add(ARG8, ARG37)), ARG103)))))"
239,12.290015340437094,0.006519799481812572,0.006678390736222396,0.006861048792986378,0.007568191208229994,0.11114900172042186,0.012901737305961058,0.010704306321653933,3.0,65.0,83.0,95.0,103.0,17.45479876710127,79.7,0.006826975749174706,0.08262551512199307,0.49819628446369313,0.03215936155138633,69,"multiply(ARG49, add(add(add(subtract(ARG119, multiply(subtract(add(subtract(ARG119, multiply(ARG10, ARG8)), multiply(ARG49, ARG8)), multiply(ARG37, ARG8)), ARG8)), subtract(ARG119, add(subtract(ARG119, multiply(ARG37, ARG8)), multiply(ARG49, ARG8)))), subtract(ARG119, add(subtract(add(subtract(ARG119, multiply(ARG37, ARG8)), multiply(ARG49, ARG8)), multiply(ARG37, ARG8)), multiply(ARG49, ARG8)))), multiply(ARG114, add(add(ARG8, ARG119), add(add(add(ARG0, add(ARG8, ARG10)), add(ARG8, ARG37)), ARG103)))))"
240,11.484775400658691,0.006501768906273276,0.00667074298806304,0.0068050539015625505,0.007553731150265944,0.248904482413657,0.024371033413331106,0.011086872395805343,3.0,63.0,73.0,85.5,105.0,19.257206443303243,72.8,0.006779140030625242,0.08233553322002136,0.5017123569070985,0.03154266574784302,67,"multiply(ARG49, add(add(add(subtract(ARG119, multiply(subtract(add(subtract(ARG119, multiply(ARG10, ARG8)), multiply(ARG49, ARG8)), multiply(ARG37, ARG8)), ARG8)), subtract(ARG119, add(subtract(ARG119, multiply(ARG37, ARG8)), multiply(ARG49, ARG8)))), subtract(ARG119, add(subtract(add(subtract(ARG119, multiply(ARG37, ARG8)), multiply(ARG49, ARG8)), multiply(ARG37, ARG8)), multiply(ARG49, ARG8)))), multiply(ARG114, add(ARG8, add(add(add(ARG0, add(ARG8, ARG10)), add(ARG8, ARG37)), ARG103)))))"
241,11.392943684382772,0.006501768906273276,0.006659496760360111,0.006774663624100938,0.008186975510359516,0.09783630479531426,0.011299324892856689,0.01093433859071823,7.0,63.0,73.0,81.0,107.0,18.62583152506218,71.72,0.006779140030625242,0.08233553322002136,0.5017123569070985,0.03154266574784302,67,"multiply(ARG49, add(add(add(subtract(ARG119, multiply(subtract(add(subtract(ARG119, multiply(ARG10, ARG8)), multiply(ARG49, ARG8)), multiply(ARG37, ARG8)), ARG8)), subtract(ARG119, add(subtract(ARG119, multiply(ARG37, ARG8)), multiply(ARG49, ARG8)))), subtract(ARG119, add(subtract(add(subtract(ARG119, multiply(ARG37, ARG8)), multiply(ARG49, ARG8)), multiply(ARG37, ARG8)), multiply(ARG49, ARG8)))), multiply(ARG114, add(ARG8, add(add(add(ARG0, add(ARG8, ARG10)), add(ARG8, ARG37)), ARG103)))))"
242,11.09932035325619,0.006501768906273276,0.006645459685054161,0.006784976526435514,0.010409359212260922,4.592807174486707,0.4580654464340596,0.06450351707730047,5.0,61.0,69.0,77.0,103.0,13.798925752618633,69.63366336633663,0.006779140030625242,0.08233553322002136,0.5017123569070985,0.03154266574784302,67,"multiply(ARG49, add(add(add(subtract(ARG119, multiply(subtract(add(subtract(ARG119, multiply(ARG10, ARG8)), multiply(ARG49, ARG8)), multiply(ARG37, ARG8)), ARG8)), subtract(ARG119, add(subtract(ARG119, multiply(ARG37, ARG8)), multiply(ARG49, ARG8)))), subtract(ARG119, add(subtract(add(subtract(ARG119, multiply(ARG37, ARG8)), multiply(ARG49, ARG8)), multiply(ARG37, ARG8)), multiply(ARG49, ARG8)))), multiply(ARG114, add(ARG8, add(add(add(ARG0, add(ARG8, ARG10)), add(ARG8, ARG37)), ARG103)))))"
243,11.089995702401211,0.006501768906273276,0.006629455783065323,0.006796050824312011,0.010499739178853551,0.3873464519879228,0.044293975534048076,0.01707948880234782,3.0,61.0,69.0,75.0,103.0,13.541485379807492,68.66336633663366,0.006779140030625242,0.08233553322002136,0.5017123569070985,0.03154266574784302,67,"multiply(ARG49, add(add(add(subtract(ARG119, multiply(subtract(add(subtract(ARG119, multiply(ARG10, ARG8)), multiply(ARG49, ARG8)), multiply(ARG37, ARG8)), ARG8)), subtract(ARG119, add(subtract(ARG119, multiply(ARG37, ARG8)), multiply(ARG49, ARG8)))), subtract(ARG119, add(subtract(add(subtract(ARG119, multiply(ARG37, ARG8)), multiply(ARG49, ARG8)), multiply(ARG37, ARG8)), multiply(ARG49, ARG8)))), multiply(ARG114, add(ARG8, add(add(add(ARG0, add(ARG8, ARG10)), add(ARG8, ARG37)), ARG103)))))"
244,10.7591844808303,0.006490655005467848,0.006596215541656451,0.006811369590156734,0.010661694752357787,0.5597455039864738,0.07618758325006136,0.020801349379113293,3.0,59.0,69.0,77.0,103.0,17.985004865164758,67.14,0.006971630762532021,0.08349629190887474,0.4875636960613643,0.03191131119920037,57,"multiply(ARG49, add(add(add(subtract(ARG119, multiply(subtract(ARG119, multiply(ARG37, ARG10)), ARG8)), subtract(ARG119, add(subtract(ARG119, multiply(ARG37, ARG8)), multiply(ARG49, ARG8)))), subtract(ARG119, add(subtract(add(subtract(ARG119, multiply(ARG37, ARG8)), multiply(ARG49, ARG8)), multiply(ARG37, ARG8)), multiply(ARG49, ARG8)))), multiply(ARG114, add(add(ARG8, ARG0), add(add(ARG37, add(ARG8, ARG37)), ARG103)))))"
245,10.746135718738515,0.00647813043199856,0.0066046367091811345,0.006963140030383243,0.011816652380096049,0.0315855156894567,0.005860854690418427,0.0102669229053192,5.0,59.0,67.0,71.0,103.0,17.283691945131128,65.87128712871286,0.007064543942436031,0.08405084141420614,0.4807342915620497,0.030997035513714365,75,"multiply(ARG49, add(add(add(subtract(ARG119, multiply(subtract(add(subtract(ARG119, multiply(ARG10, ARG119)), multiply(ARG49, ARG8)), multiply(ARG37, ARG8)), ARG8)), subtract(ARG119, add(subtract(ARG119, multiply(ARG37, ARG8)), multiply(ARG49, ARG8)))), subtract(ARG119, add(subtract(add(subtract(ARG119, multiply(ARG37, ARG8)), multiply(ARG49, ARG8)), multiply(ARG37, ARG8)), multiply(add(subtract(ARG119, multiply(ARG37, ARG8)), multiply(ARG49, ARG8)), ARG8)))), multiply(ARG114, add(ARG8, add(add(add(ARG0, add(ARG8, ARG10)), add(ARG119, ARG37)), ARG103)))))"
246,10.812667954996869,0.006469621045753121,0.006569723190283069,0.007090271121955928,0.011390580421117855,0.37728456780735803,0.038630553456240425,0.015432686555231178,3.0,59.0,67.0,71.5,115.0,16.435218282700113,66.94,0.00704686979999925,0.08394563597947931,0.4820333953921413,0.031001499053811492,77,"multiply(ARG49, add(add(add(subtract(ARG119, multiply(subtract(add(subtract(ARG119, multiply(ARG10, ARG119)), multiply(ARG49, ARG8)), multiply(ARG37, ARG8)), ARG8)), subtract(ARG119, add(subtract(ARG119, multiply(ARG37, ARG8)), multiply(ARG49, ARG8)))), subtract(ARG119, add(subtract(add(subtract(ARG119, multiply(ARG37, ARG8)), multiply(ARG49, ARG8)), multiply(ARG37, ARG8)), multiply(add(subtract(ARG119, multiply(ARG37, ARG8)), multiply(ARG49, ARG8)), ARG8)))), multiply(ARG114, add(ARG8, add(add(add(multiply(ARG37, ARG8), add(ARG8, ARG10)), add(ARG119, ARG37)), ARG103)))))"
247,10.985336649977398,0.006468914584213034,0.006564112665812055,0.006748645344756034,0.008233063315474312,0.6311997283108693,0.06214712114568752,0.015766281993655203,17.0,60.5,67.0,73.0,105.0,13.41251654239427,67.62,0.00711121686561306,0.08432803131588605,0.4773036881549694,0.031013582717257338,73,"multiply(ARG49, add(add(add(subtract(ARG119, multiply(subtract(add(subtract(ARG119, multiply(ARG10, ARG119)), multiply(ARG49, ARG8)), multiply(ARG37, ARG8)), ARG8)), subtract(ARG119, add(subtract(ARG119, multiply(ARG37, ARG8)), multiply(ARG49, ARG8)))), subtract(ARG119, add(subtract(add(subtract(ARG119, multiply(ARG37, ARG8)), multiply(ARG49, ARG8)), multiply(ARG37, ARG8)), multiply(add(subtract(ARG119, multiply(ARG37, ARG8)), multiply(ARG49, ARG8)), ARG8)))), multiply(ARG114, add(ARG8, add(add(add(ARG0, ARG37), add(ARG119, ARG37)), ARG103)))))"
248,10.584439277205092,0.006468914584213034,0.0066367615602352485,0.006896638721877294,0.012131956024753754,10.891246174756201,1.0826179234207052,0.11977283223876369,3.0,57.0,67.0,73.0,105.0,14.815815873585903,65.46,0.00711121686561306,0.08432803131588605,0.4773036881549694,0.031013582717257338,73,"multiply(ARG49, add(add(add(subtract(ARG119, multiply(subtract(add(subtract(ARG119, multiply(ARG10, ARG119)), multiply(ARG49, ARG8)), multiply(ARG37, ARG8)), ARG8)), subtract(ARG119, add(subtract(ARG119, multiply(ARG37, ARG8)), multiply(ARG49, ARG8)))), subtract(ARG119, add(subtract(add(subtract(ARG119, multiply(ARG37, ARG8)), multiply(ARG49, ARG8)), multiply(ARG37, ARG8)), multiply(add(subtract(ARG119, multiply(ARG37, ARG8)), multiply(ARG49, ARG8)), ARG8)))), multiply(ARG114, add(ARG8, add(add(add(ARG0, ARG37), add(ARG119, ARG37)), ARG103)))))"
249,10.579963228494307,0.006460789178208658,0.00661884168663513,0.0068907489300530245,0.009703934315450066,0.16142142778212437,0.020721391595785496,0.013211229733771588,11.0,57.0,69.0,73.5,107.0,14.158234353195317,66.62,0.007057157151407346,0.08400688752362717,0.4812772434224738,0.031017161389106502,81,"multiply(ARG49, add(add(add(subtract(ARG119, multiply(subtract(add(subtract(ARG119, multiply(ARG10, ARG119)), multiply(ARG49, ARG8)), multiply(ARG37, ARG8)), ARG8)), subtract(ARG119, add(subtract(ARG119, multiply(ARG37, ARG8)), multiply(ARG49, ARG8)))), subtract(ARG119, add(subtract(add(subtract(ARG119, multiply(ARG37, ARG8)), multiply(ARG49, ARG8)), multiply(ARG37, ARG8)), multiply(add(subtract(ARG119, multiply(ARG37, ARG8)), multiply(ARG49, ARG8)), ARG8)))), multiply(ARG114, add(ARG8, add(add(add(multiply(ARG37, ARG8), add(ARG8, multiply(multiply(ARG37, ARG8), ARG8))), add(ARG119, ARG37)), ARG103)))))"
250,11.138161253871658,0.006454666861500431,0.006532504024120761,0.006877033332902803,0.010061322835346847,0.35268881081479037,0.036952638123804636,0.014558570038249669,3.0,63.0,69.0,73.0,107.0,16.242259661810433,66.02970297029702,0.0069514019109163236,0.08337506768162964,0.48905057887371606,0.0319831066187236,71,"multiply(ARG49, add(add(add(subtract(ARG119, multiply(subtract(add(subtract(ARG119, multiply(ARG10, ARG119)), multiply(ARG49, ARG8)), multiply(ARG37, ARG8)), ARG8)), subtract(ARG119, add(subtract(ARG119, multiply(ARG37, ARG8)), multiply(ARG49, ARG8)))), subtract(ARG119, add(subtract(add(subtract(ARG119, multiply(ARG37, ARG8)), multiply(ARG49, ARG8)), multiply(ARG37, ARG8)), multiply(add(subtract(ARG119, multiply(ARG37, ARG8)), multiply(ARG49, ARG8)), ARG8)))), subtract(ARG119, add(subtract(ARG119, multiply(ARG37, ARG8)), multiply(ARG49, ARG8)))))"
